# Population F	F_01,F_02,F_03,F_04,F_05,F_06,F_07,F_08,F_09,F_10,F_11,F_12,F_13,F_14,F_15,F_16,F_17,F_18,F_19,F_20
# Population J	J_01,J_02,J_03,J_04,J_05,J_06,J_07,J_08,J_09,J_10,J_11,J_12,J_13,J_14,J_15,J_16,J_17,J_18,J_19,J_20
# Locus ID	Pop 1 ID	Pop 2 ID	Chr	BP	phi_st	Smoothed Phi_st	Smoothed Phi_st P-value	Fst'	Smoothed Fst'	Smoothed Fst' P-value	D_est	Smoothed D_est	Smoothed D_est P-value	Dxy	Smoothed Dxy	Smoothed Dxy P-value
49	F	J	Chr1	53567	-0.02525	0.00000	0.00000	-0.00981	0.00000	0.00000	-0.00900	0.00000	0.00000	0.00372	0.00000	0.00000
74	F	J	Chr1	73361	-0.00000	0.00000	0.00000	-0.00000	0.00000	0.00000	-0.00000	0.00000	0.00000	0.00030	0.00000	0.00000
75	F	J	Chr1	73364	-0.00000	0.00000	0.00000	-0.00000	0.00000	0.00000	-0.00000	0.00000	0.00000	0.00028	0.00000	0.00000
95	F	J	Chr1	94188	-0.00000	0.00000	0.00000	-0.00000	0.00000	0.00000	-0.00000	0.00000	0.00000	0.00031	0.00000	0.00000
127	F	J	Chr1	116327	-0.00000	0.00000	0.00000	-0.00000	0.00000	0.00000	-0.00000	0.00000	0.00000	0.00029	0.00000	0.00000
140	F	J	Chr1	149979	0.14178	0.00000	0.00000	0.08630	0.00000	0.00000	0.07397	0.00000	0.00000	0.00543	0.00000	0.00000
245	F	J	Chr1	307675	-0.00000	0.00000	0.00000	-0.00000	0.00000	0.00000	-0.00000	0.00000	0.00000	0.00029	0.00000	0.00000
362	F	J	Chr1	505933	-0.01475	0.00000	0.00000	-0.00628	0.00000	0.00000	-0.00441	0.00000	0.00000	0.00497	0.00000	0.00000
370	F	J	Chr1	510200	-0.02564	0.00000	0.00000	-0.00270	0.00000	0.00000	-0.00270	0.00000	0.00000	0.00113	0.00000	0.00000
408	F	J	Chr1	557515	0.00137	0.00000	0.00000	0.00004	0.00000	0.00000	0.00276	0.00000	0.00000	0.00090	0.00000	0.00000
428	F	J	Chr1	579112	0.02564	0.00000	0.00000	0.00135	0.00000	0.00000	0.00135	0.00000	0.00000	0.00060	0.00000	0.00000
435	F	J	Chr1	584204	-0.00452	0.00000	0.00000	-0.00464	0.00000	0.00000	-0.00872	0.00000	0.00000	0.00670	0.00000	0.00000
461	F	J	Chr1	610914	-0.01149	0.00000	0.00000	-0.00255	0.00000	0.00000	-0.00255	0.00000	0.00000	0.00208	0.00000	0.00000
464	F	J	Chr1	611287	-0.00000	0.00000	0.00000	-0.00000	0.00000	0.00000	-0.00000	0.00000	0.00000	0.00029	0.00000	0.00000
465	F	J	Chr1	611411	-0.02322	0.00000	0.00000	-0.00215	0.00000	0.00000	0.01562	0.00000	0.00000	0.00354	0.00000	0.00000
512	F	J	Chr1	663248	-0.00000	0.00000	0.00000	-0.00000	0.00000	0.00000	-0.00000	0.00000	0.00000	0.00029	0.00000	0.00000
517	F	J	Chr1	665610	-0.00000	0.00000	0.00000	-0.00000	0.00000	0.00000	-0.00000	0.00000	0.00000	0.00029	0.00000	0.00000
520	F	J	Chr1	667731	0.00000	0.00000	0.00000	0.00000	0.00000	0.00000	-0.00274	0.00000	0.00000	0.00144	0.00000	0.00000
616	F	J	Chr1	805791	0.00000	0.00000	0.00000	0.00000	0.00000	0.00000	-0.00004	0.00000	0.00000	0.00091	0.00000	0.00000
680	F	J	Chr1	892079	0.03519	0.00000	0.00000	0.00208	0.00000	0.00000	0.03406	0.00000	0.00000	0.00224	0.00000	0.00000
689	F	J	Chr1	898233	-0.00000	0.00000	0.00000	-0.00000	0.00000	0.00000	-0.00000	0.00000	0.00000	0.00029	0.00000	0.00000
705	F	J	Chr1	921549	0.00137	0.00000	0.00000	0.00004	0.00000	0.00000	0.00276	0.00000	0.00000	0.00088	0.00000	0.00000
733	F	J	Chr1	970140	-0.00000	0.00000	0.00000	-0.00000	0.00000	0.00000	-0.00000	0.00000	0.00000	0.00029	0.00000	0.00000
849	F	J	Chr1	1066280	-0.00000	0.00000	0.00000	-0.00000	0.00000	0.00000	-0.00000	0.00000	0.00000	0.00030	0.00000	0.00000
863	F	J	Chr1	1091510	0.00934	0.00000	0.00000	0.00824	0.00000	0.00000	0.02903	0.00000	0.00000	0.00643	0.00000	0.00000
1058	F	J	Chr1	1325757	-0.00000	0.00000	0.00000	-0.00000	0.00000	0.00000	-0.00000	0.00000	0.00000	0.00027	0.00000	0.00000
1059	F	J	Chr1	1325760	-0.02564	0.00000	0.00000	-0.00132	0.00000	0.00000	-0.00132	0.00000	0.00000	0.00057	0.00000	0.00000
1071	F	J	Chr1	1337615	-0.00000	0.00000	0.00000	-0.00000	0.00000	0.00000	-0.00000	0.00000	0.00000	0.00030	0.00000	0.00000
1081	F	J	Chr1	1344551	-0.02564	0.00000	0.00000	-0.00132	0.00000	0.00000	-0.00132	0.00000	0.00000	0.00059	0.00000	0.00000
1100	F	J	Chr1	1359651	-0.00000	0.00000	0.00000	-0.00000	0.00000	0.00000	-0.00000	0.00000	0.00000	0.00029	0.00000	0.00000
1105	F	J	Chr1	1365025	-0.00000	0.00000	0.00000	-0.00000	0.00000	0.00000	-0.00000	0.00000	0.00000	0.00029	0.00000	0.00000
1139	F	J	Chr1	1401182	-0.00268	0.00000	0.00000	-0.00007	0.00000	0.00000	0.00588	0.00000	0.00000	0.00140	0.00000	0.00000
1203	F	J	Chr1	1460142	0.02564	0.00000	0.00000	0.00135	0.00000	0.00000	0.00135	0.00000	0.00000	0.00057	0.00000	0.00000
1217	F	J	Chr1	1476210	0.00486	0.00000	0.00000	0.00014	0.00000	0.00000	0.02721	0.00000	0.00000	0.00200	0.00000	0.00000
1249	F	J	Chr1	1510889	-0.00000	0.00000	0.00000	-0.00000	0.00000	0.00000	-0.00000	0.00000	0.00000	0.00030	0.00000	0.00000
1262	F	J	Chr1	1523375	0.00137	0.00000	0.00000	0.00004	0.00000	0.00000	0.00276	0.00000	0.00000	0.00090	0.00000	0.00000
1300	F	J	Chr1	1541625	-0.00000	0.00000	0.00000	-0.00000	0.00000	0.00000	-0.00000	0.00000	0.00000	0.00028	0.00000	0.00000
1366	F	J	Chr1	1590628	-0.01680	0.00000	0.00000	-0.00131	0.00000	0.00000	-0.00131	0.00000	0.00000	0.00083	0.00000	0.00000
1405	F	J	Chr1	1618888	-0.02331	0.00000	0.00000	-0.01013	0.00000	0.00000	-0.00989	0.00000	0.00000	0.00399	0.00000	0.00000
1436	F	J	Chr1	1646116	-0.00000	0.00000	0.00000	-0.00000	0.00000	0.00000	-0.00000	0.00000	0.00000	0.00030	0.00000	0.00000
1462	F	J	Chr1	1669504	-0.00000	0.00000	0.00000	-0.00000	0.00000	0.00000	-0.00000	0.00000	0.00000	0.00029	0.00000	0.00000
1488	F	J	Chr1	1694519	-0.00000	0.00000	0.00000	-0.00000	0.00000	0.00000	-0.00000	0.00000	0.00000	0.00029	0.00000	0.00000
1490	F	J	Chr1	1697437	-0.00000	0.00000	0.00000	-0.00000	0.00000	0.00000	-0.00000	0.00000	0.00000	0.00030	0.00000	0.00000
1544	F	J	Chr1	1757635	-0.00000	0.00000	0.00000	-0.00000	0.00000	0.00000	-0.00000	0.00000	0.00000	0.00030	0.00000	0.00000
1569	F	J	Chr1	1781022	-0.00000	0.00000	0.00000	-0.00000	0.00000	0.00000	-0.00000	0.00000	0.00000	0.00029	0.00000	0.00000
1570	F	J	Chr1	1781025	0.00391	0.00000	0.00000	0.00043	0.00000	0.00000	0.00463	0.00000	0.00000	0.00168	0.00000	0.00000
1664	F	J	Chr1	1873586	-0.02564	0.00000	0.00000	-0.00132	0.00000	0.00000	-0.00132	0.00000	0.00000	0.00058	0.00000	0.00000
1712	F	J	Chr1	1894897	-0.00000	0.00000	0.00000	-0.00000	0.00000	0.00000	-0.00000	0.00000	0.00000	0.00030	0.00000	0.00000
1713	F	J	Chr1	1894900	-0.02294	0.00000	0.00000	-0.00720	0.00000	0.00000	-0.00720	0.00000	0.00000	0.00275	0.00000	0.00000
1725	F	J	Chr1	1901539	-0.00000	0.00000	0.00000	-0.00000	0.00000	0.00000	-0.00000	0.00000	0.00000	0.00030	0.00000	0.00000
1770	F	J	Chr1	1935930	-0.00000	0.00000	0.00000	-0.00000	0.00000	0.00000	-0.00000	0.00000	0.00000	0.00029	0.00000	0.00000
1803	F	J	Chr1	1964889	0.00285	0.00000	0.00000	0.00072	0.00000	0.00000	0.00072	0.00000	0.00000	0.00249	0.00000	0.00000
1818	F	J	Chr1	1982408	-0.01883	0.00000	0.00000	-0.01149	0.00000	0.00000	-0.01149	0.00000	0.00000	0.00426	0.00000	0.00000
1836	F	J	Chr1	2002783	-0.00268	0.00000	0.00000	-0.00007	0.00000	0.00000	0.00588	0.00000	0.00000	0.00142	0.00000	0.00000
1852	F	J	Chr1	2033786	-0.02426	0.00000	0.00000	-0.02132	0.00000	0.00000	-0.02132	0.00000	0.00000	0.00542	0.00000	0.00000
1870	F	J	Chr1	2042240	0.00486	0.00000	0.00000	0.00014	0.00000	0.00000	0.02721	0.00000	0.00000	0.00213	0.00000	0.00000
1884	F	J	Chr1	2068355	-0.00000	0.00000	0.00000	-0.00000	0.00000	0.00000	-0.00000	0.00000	0.00000	0.00030	0.00000	0.00000
1894	F	J	Chr1	2084942	-0.00000	0.00000	0.00000	-0.00000	0.00000	0.00000	-0.00000	0.00000	0.00000	0.00030	0.00000	0.00000
1949	F	J	Chr1	2171953	-0.01680	0.00000	0.00000	-0.00131	0.00000	0.00000	-0.00131	0.00000	0.00000	0.00082	0.00000	0.00000
1953	F	J	Chr1	2182319	-0.00000	0.00000	0.00000	-0.00000	0.00000	0.00000	-0.00000	0.00000	0.00000	0.00030	0.00000	0.00000
1965	F	J	Chr1	2193011	-0.00000	0.00000	0.00000	-0.00000	0.00000	0.00000	-0.00000	0.00000	0.00000	0.00029	0.00000	0.00000
1983	F	J	Chr1	2209275	-0.00000	0.00000	0.00000	-0.00000	0.00000	0.00000	-0.00000	0.00000	0.00000	0.00029	0.00000	0.00000
2059	F	J	Chr1	2297490	-0.00000	0.00000	0.00000	-0.00000	0.00000	0.00000	-0.00000	0.00000	0.00000	0.00030	0.00000	0.00000
2067	F	J	Chr1	2301587	-0.00130	0.00000	0.00000	-0.00003	0.00000	0.00000	0.00003	0.00000	0.00000	0.00086	0.00000	0.00000
2153	F	J	Chr1	2402658	-0.00000	0.00000	0.00000	-0.00000	0.00000	0.00000	-0.00000	0.00000	0.00000	0.00029	0.00000	0.00000
2162	F	J	Chr1	2424177	0.00297	0.00000	0.00000	0.00008	0.00000	0.00000	0.01159	0.00000	0.00000	0.00154	0.00000	0.00000
2246	F	J	Chr1	2497601	-0.00000	0.00000	0.00000	-0.00000	0.00000	0.00000	-0.00000	0.00000	0.00000	0.00029	0.00000	0.00000
2271	F	J	Chr1	2529424	-0.00000	0.00000	0.00000	-0.00000	0.00000	0.00000	-0.00000	0.00000	0.00000	0.00030	0.00000	0.00000
2302	F	J	Chr1	2571287	-0.00000	0.00000	0.00000	-0.00000	0.00000	0.00000	-0.00000	0.00000	0.00000	0.00029	0.00000	0.00000
2342	F	J	Chr1	2606959	-0.00000	0.00000	0.00000	-0.00000	0.00000	0.00000	-0.00000	0.00000	0.00000	0.00030	0.00000	0.00000
2369	F	J	Chr1	2633402	0.00000	0.00000	0.00000	0.00000	0.00000	0.00000	-0.00004	0.00000	0.00000	0.00089	0.00000	0.00000
2394	F	J	Chr1	2663917	0.02564	0.00000	0.00000	0.00135	0.00000	0.00000	0.00135	0.00000	0.00000	0.00059	0.00000	0.00000
2409	F	J	Chr1	2681175	-0.00000	0.00000	0.00000	-0.00000	0.00000	0.00000	-0.00000	0.00000	0.00000	0.00029	0.00000	0.00000
2521	F	J	Chr1	2811329	-0.01282	0.00000	0.00000	-0.01060	0.00000	0.00000	-0.01060	0.00000	0.00000	0.00504	0.00000	0.00000
2530	F	J	Chr1	2832289	-0.00000	0.00000	0.00000	-0.00000	0.00000	0.00000	-0.00000	0.00000	0.00000	0.00029	0.00000	0.00000
2544	F	J	Chr1	2849176	-0.00000	0.00000	0.00000	-0.00000	0.00000	0.00000	-0.00000	0.00000	0.00000	0.00029	0.00000	0.00000
2547	F	J	Chr1	2854113	-0.02564	0.00000	0.00000	-0.00132	0.00000	0.00000	-0.00132	0.00000	0.00000	0.00055	0.00000	0.00000
2563	F	J	Chr1	2868955	-0.00000	0.00000	0.00000	-0.00000	0.00000	0.00000	-0.00000	0.00000	0.00000	0.00027	0.00000	0.00000
2570	F	J	Chr1	2871284	-0.00000	0.00000	0.00000	-0.00000	0.00000	0.00000	-0.00000	0.00000	0.00000	0.00029	0.00000	0.00000
2577	F	J	Chr1	2872807	-0.00000	0.00000	0.00000	-0.00000	0.00000	0.00000	-0.00000	0.00000	0.00000	0.00030	0.00000	0.00000
2588	F	J	Chr1	2888500	-0.00000	0.00000	0.00000	-0.00000	0.00000	0.00000	-0.00000	0.00000	0.00000	0.00029	0.00000	0.00000
2642	F	J	Chr1	2922819	-0.00000	0.00000	0.00000	-0.00000	0.00000	0.00000	-0.00000	0.00000	0.00000	0.00030	0.00000	0.00000
2666	F	J	Chr1	2941638	-0.00864	0.00000	0.00000	-0.00198	0.00000	0.00000	0.00240	0.00000	0.00000	0.00267	0.00000	0.00000
2669	F	J	Chr1	2942095	-0.00130	0.00000	0.00000	-0.00003	0.00000	0.00000	-0.00000	0.00000	0.00000	0.00029	0.00000	0.00000
2689	F	J	Chr1	2966625	-0.00000	0.00000	0.00000	-0.00000	0.00000	0.00000	-0.00000	0.00000	0.00000	0.00030	0.00000	0.00000
2732	F	J	Chr1	3002019	0.00100	0.00000	0.00000	0.00011	0.00000	0.00000	0.00011	0.00000	0.00000	0.00110	0.00000	0.00000
2774	F	J	Chr1	3045831	0.00986	0.00000	0.00000	0.00191	0.00000	0.00000	0.00191	0.00000	0.00000	0.00190	0.00000	0.00000
2776	F	J	Chr1	3046298	-0.00733	0.00000	0.00000	-0.00119	0.00000	0.00000	-0.00119	0.00000	0.00000	0.00164	0.00000	0.00000
2789	F	J	Chr1	3056502	-0.00000	0.00000	0.00000	-0.00000	0.00000	0.00000	-0.00000	0.00000	0.00000	0.00030	0.00000	0.00000
2819	F	J	Chr1	3076214	-0.01579	0.00000	0.00000	-0.00127	0.00000	0.00000	0.00157	0.00000	0.00000	0.00146	0.00000	0.00000
2878	F	J	Chr1	3134828	-0.00000	0.00000	0.00000	-0.00000	0.00000	0.00000	-0.00000	0.00000	0.00000	0.00026	0.00000	0.00000
2879	F	J	Chr1	3137215	-0.00000	0.00000	0.00000	-0.00000	0.00000	0.00000	-0.00000	0.00000	0.00000	0.00028	0.00000	0.00000
2897	F	J	Chr1	3174127	0.10237	0.00000	0.00000	0.09259	0.00000	0.00000	0.09964	0.00000	0.00000	0.00601	0.00000	0.00000
2904	F	J	Chr1	3187581	-0.01579	0.00000	0.00000	-0.00127	0.00000	0.00000	0.00157	0.00000	0.00000	0.00146	0.00000	0.00000
2915	F	J	Chr1	3200871	-0.00000	0.00000	0.00000	-0.00000	0.00000	0.00000	-0.00000	0.00000	0.00000	0.00029	0.00000	0.00000
2949	F	J	Chr1	3262927	-0.01680	0.00000	0.00000	-0.00131	0.00000	0.00000	-0.00131	0.00000	0.00000	0.00085	0.00000	0.00000
3060	F	J	Chr1	3437981	-0.00000	0.00000	0.00000	-0.00000	0.00000	0.00000	-0.00000	0.00000	0.00000	0.00029	0.00000	0.00000
3095	F	J	Chr1	3467848	-0.01858	0.00000	0.00000	-0.00149	0.00000	0.00000	-0.00131	0.00000	0.00000	0.00137	0.00000	0.00000
3134	F	J	Chr1	3509800	0.00137	0.00000	0.00000	0.00004	0.00000	0.00000	0.00276	0.00000	0.00000	0.00087	0.00000	0.00000
3212	F	J	Chr1	3579569	-0.02564	0.00000	0.00000	-0.00132	0.00000	0.00000	-0.00132	0.00000	0.00000	0.00052	0.00000	0.00000
3256	F	J	Chr1	3634007	0.02903	0.00000	0.00000	0.00157	0.00000	0.00000	0.00567	0.00000	0.00000	0.00116	0.00000	0.00000
3299	F	J	Chr1	3700408	-0.00000	0.00000	0.00000	-0.00000	0.00000	0.00000	-0.00000	0.00000	0.00000	0.00029	0.00000	0.00000
3335	F	J	Chr1	3739411	-0.00000	0.00000	0.00000	-0.00000	0.00000	0.00000	-0.00000	0.00000	0.00000	0.00027	0.00000	0.00000
3346	F	J	Chr1	3750155	-0.00333	0.00000	0.00000	-0.00010	0.00000	0.00000	0.03755	0.00000	0.00000	0.00257	0.00000	0.00000
3401	F	J	Chr1	6019886	-0.02618	0.00000	0.00000	-0.00594	0.00000	0.00000	-0.00415	0.00000	0.00000	0.00255	0.00000	0.00000
3436	F	J	Chr1	6051701	-0.00000	0.00000	0.00000	-0.00000	0.00000	0.00000	-0.00000	0.00000	0.00000	0.00030	0.00000	0.00000
3456	F	J	Chr1	6068496	-0.02857	0.00000	0.00000	-0.02152	0.00000	0.00000	-0.02902	0.00000	0.00000	0.00621	0.00000	0.00000
3512	F	J	Chr1	6135965	-0.00130	0.00000	0.00000	-0.00003	0.00000	0.00000	0.00003	0.00000	0.00000	0.00089	0.00000	0.00000
3534	F	J	Chr1	6157953	0.00385	0.00000	0.00000	0.00174	0.00000	0.00000	-0.00455	0.00000	0.00000	0.00475	0.00000	0.00000
3596	F	J	Chr1	6221642	-0.00000	0.00000	0.00000	-0.00000	0.00000	0.00000	-0.00000	0.00000	0.00000	0.00029	0.00000	0.00000
3682	F	J	Chr1	6320509	-0.00000	0.00000	0.00000	-0.00000	0.00000	0.00000	-0.00000	0.00000	0.00000	0.00030	0.00000	0.00000
3694	F	J	Chr1	6331611	0.02564	0.00000	0.00000	0.00135	0.00000	0.00000	0.00135	0.00000	0.00000	0.00060	0.00000	0.00000
3741	F	J	Chr1	6398039	-0.00000	0.00000	0.00000	-0.00000	0.00000	0.00000	-0.00000	0.00000	0.00000	0.00028	0.00000	0.00000
3841	F	J	Chr1	6511989	-0.00000	0.00000	0.00000	-0.00000	0.00000	0.00000	-0.00000	0.00000	0.00000	0.00029	0.00000	0.00000
3881	F	J	Chr1	6549204	0.02564	0.00000	0.00000	0.00135	0.00000	0.00000	0.00135	0.00000	0.00000	0.00057	0.00000	0.00000
4044	F	J	Chr1	6761297	-0.02126	0.00000	0.00000	-0.00300	0.00000	0.00000	-0.00589	0.00000	0.00000	0.00242	0.00000	0.00000
4048	F	J	Chr1	6763006	0.00137	0.00000	0.00000	0.00004	0.00000	0.00000	-0.00000	0.00000	0.00000	0.00029	0.00000	0.00000
4141	F	J	Chr1	6871377	0.02564	0.00000	0.00000	0.00135	0.00000	0.00000	0.00135	0.00000	0.00000	0.00060	0.00000	0.00000
4149	F	J	Chr1	6872569	0.00137	0.00000	0.00000	0.00004	0.00000	0.00000	0.00276	0.00000	0.00000	0.00086	0.00000	0.00000
4168	F	J	Chr1	6881055	0.00285	0.00000	0.00000	0.00072	0.00000	0.00000	0.00072	0.00000	0.00000	0.00237	0.00000	0.00000
4253	F	J	Chr1	6940027	-0.01858	0.00000	0.00000	-0.00149	0.00000	0.00000	-0.00131	0.00000	0.00000	0.00146	0.00000	0.00000
4276	F	J	Chr1	6963335	-0.00000	0.00000	0.00000	-0.00000	0.00000	0.00000	-0.00000	0.00000	0.00000	0.00028	0.00000	0.00000
4278	F	J	Chr1	6963563	-0.00000	0.00000	0.00000	-0.00000	0.00000	0.00000	-0.00000	0.00000	0.00000	0.00028	0.00000	0.00000
4339	F	J	Chr1	7067719	-0.00000	0.00000	0.00000	-0.00000	0.00000	0.00000	-0.00000	0.00000	0.00000	0.00030	0.00000	0.00000
4340	F	J	Chr1	7068689	-0.00000	0.00000	0.00000	-0.00000	0.00000	0.00000	-0.00000	0.00000	0.00000	0.00030	0.00000	0.00000
4701	F	J	Chr1	7554808	-0.00000	0.00000	0.00000	-0.00000	0.00000	0.00000	-0.00000	0.00000	0.00000	0.00029	0.00000	0.00000
4720	F	J	Chr1	7596292	-0.00000	0.00000	0.00000	-0.00000	0.00000	0.00000	-0.00000	0.00000	0.00000	0.00029	0.00000	0.00000
4793	F	J	Chr1	7726947	-0.01399	0.00000	0.00000	-0.01390	0.00000	0.00000	-0.01390	0.00000	0.00000	0.00594	0.00000	0.00000
4900	F	J	Chr1	7916795	-0.00130	0.00000	0.00000	-0.00003	0.00000	0.00000	0.00003	0.00000	0.00000	0.00090	0.00000	0.00000
4902	F	J	Chr1	7919714	-0.00000	0.00000	0.00000	-0.00000	0.00000	0.00000	-0.00000	0.00000	0.00000	0.00029	0.00000	0.00000
4912	F	J	Chr1	7930678	-0.00000	0.00000	0.00000	-0.00000	0.00000	0.00000	-0.00000	0.00000	0.00000	0.00028	0.00000	0.00000
4957	F	J	Chr1	7976908	-0.00268	0.00000	0.00000	-0.00007	0.00000	0.00000	0.00588	0.00000	0.00000	0.00149	0.00000	0.00000
4964	F	J	Chr1	7979319	-0.00000	0.00000	0.00000	-0.00000	0.00000	0.00000	-0.00000	0.00000	0.00000	0.00029	0.00000	0.00000
4989	F	J	Chr1	8009540	-0.02163	0.00000	0.00000	-0.00414	0.00000	0.00000	-0.00414	0.00000	0.00000	0.00192	0.00000	0.00000
5007	F	J	Chr1	8016394	-0.00883	0.00000	0.00000	-0.00214	0.00000	0.00000	-0.00028	0.00000	0.00000	0.00348	0.00000	0.00000
5012	F	J	Chr1	8019122	0.04885	0.00000	0.00000	0.01370	0.00000	0.00000	0.00559	0.00000	0.00000	0.00393	0.00000	0.00000
5022	F	J	Chr1	8021880	0.05128	0.00000	0.00000	0.00414	0.00000	0.00000	0.00414	0.00000	0.00000	0.00091	0.00000	0.00000
5063	F	J	Chr1	8075089	-0.02558	0.00000	0.00000	-0.02231	0.00000	0.00000	-0.01977	0.00000	0.00000	0.00585	0.00000	0.00000
5086	F	J	Chr1	8106572	0.08211	0.00000	0.00000	0.01042	0.00000	0.00000	0.00689	0.00000	0.00000	0.00236	0.00000	0.00000
5100	F	J	Chr1	8115510	-0.00000	0.00000	0.00000	-0.00000	0.00000	0.00000	-0.00000	0.00000	0.00000	0.00028	0.00000	0.00000
5105	F	J	Chr1	8116899	-0.00130	0.00000	0.00000	-0.00003	0.00000	0.00000	-0.00000	0.00000	0.00000	0.00029	0.00000	0.00000
5115	F	J	Chr1	8122569	-0.02630	0.00000	0.00000	-0.02573	0.00000	0.00000	-0.02368	0.00000	0.00000	0.00575	0.00000	0.00000
5117	F	J	Chr1	8124409	-0.00000	0.00000	0.00000	-0.00000	0.00000	0.00000	-0.00000	0.00000	0.00000	0.00029	0.00000	0.00000
5161	F	J	Chr1	8171520	0.01976	0.00000	0.00000	0.00112	0.00000	0.00000	0.01586	0.00000	0.00000	0.00228	0.00000	0.00000
5239	F	J	Chr1	8269107	0.02922	0.00000	0.00000	0.00434	0.00000	0.00000	0.02220	0.00000	0.00000	0.00256	0.00000	0.00000
5247	F	J	Chr1	8278054	-0.00161	0.00000	0.00000	-0.00005	0.00000	0.00000	0.01790	0.00000	0.00000	0.00211	0.00000	0.00000
5273	F	J	Chr1	8295606	-0.01993	0.00000	0.00000	-0.00664	0.00000	0.00000	0.00754	0.00000	0.00000	0.00385	0.00000	0.00000
5309	F	J	Chr1	8335296	-0.00000	0.00000	0.00000	-0.00000	0.00000	0.00000	-0.00000	0.00000	0.00000	0.00031	0.00000	0.00000
5312	F	J	Chr1	8336563	-0.00000	0.00000	0.00000	-0.00000	0.00000	0.00000	-0.00000	0.00000	0.00000	0.00029	0.00000	0.00000
5355	F	J	Chr1	8392816	0.00137	0.00000	0.00000	0.00004	0.00000	0.00000	0.00276	0.00000	0.00000	0.00089	0.00000	0.00000
5371	F	J	Chr1	8411669	-0.00000	0.00000	0.00000	-0.00000	0.00000	0.00000	-0.00000	0.00000	0.00000	0.00029	0.00000	0.00000
5377	F	J	Chr1	8428171	-0.00000	0.00000	0.00000	-0.00000	0.00000	0.00000	-0.00000	0.00000	0.00000	0.00030	0.00000	0.00000
5411	F	J	Chr1	8462344	-0.02564	0.00000	0.00000	-0.00132	0.00000	0.00000	-0.00132	0.00000	0.00000	0.00056	0.00000	0.00000
5483	F	J	Chr1	8528246	-0.00000	0.00000	0.00000	-0.00000	0.00000	0.00000	-0.00000	0.00000	0.00000	0.00029	0.00000	0.00000
5494	F	J	Chr1	8542488	0.04885	0.00000	0.00000	0.01370	0.00000	0.00000	0.00559	0.00000	0.00000	0.00384	0.00000	0.00000
5502	F	J	Chr1	8548327	0.05727	0.00000	0.00000	0.00566	0.00000	0.00000	-0.00695	0.00000	0.00000	0.00392	0.00000	0.00000
5566	F	J	Chr1	8613788	-0.01579	0.00000	0.00000	-0.00127	0.00000	0.00000	0.00157	0.00000	0.00000	0.00134	0.00000	0.00000
5578	F	J	Chr1	8625703	0.02564	0.00000	0.00000	0.00135	0.00000	0.00000	0.00135	0.00000	0.00000	0.00060	0.00000	0.00000
5691	F	J	Chr1	8782806	-0.01325	0.00000	0.00000	-0.00227	0.00000	0.00000	0.00233	0.00000	0.00000	0.00279	0.00000	0.00000
5701	F	J	Chr1	8790080	-0.00000	0.00000	0.00000	-0.00000	0.00000	0.00000	-0.00000	0.00000	0.00000	0.00027	0.00000	0.00000
5705	F	J	Chr1	8792259	0.05128	0.00000	0.00000	0.00414	0.00000	0.00000	0.00414	0.00000	0.00000	0.00086	0.00000	0.00000
5768	F	J	Chr1	8862882	-0.00000	0.00000	0.00000	-0.00000	0.00000	0.00000	-0.00000	0.00000	0.00000	0.00030	0.00000	0.00000
5781	F	J	Chr1	8871810	-0.02703	0.00000	0.00000	-0.02263	0.00000	0.00000	-0.02645	0.00000	0.00000	0.00574	0.00000	0.00000
5789	F	J	Chr1	8876976	-0.00000	0.00000	0.00000	-0.00000	0.00000	0.00000	-0.00000	0.00000	0.00000	0.00030	0.00000	0.00000
5856	F	J	Chr1	8955359	-0.02626	0.00000	0.00000	-0.00284	0.00000	0.00000	-0.00284	0.00000	0.00000	0.00120	0.00000	0.00000
5910	F	J	Chr1	9034420	-0.00000	0.00000	0.00000	-0.00000	0.00000	0.00000	-0.00000	0.00000	0.00000	0.00030	0.00000	0.00000
5967	F	J	Chr1	9081258	-0.02564	0.00000	0.00000	-0.00132	0.00000	0.00000	-0.00132	0.00000	0.00000	0.00055	0.00000	0.00000
5983	F	J	Chr1	9099741	0.00137	0.00000	0.00000	0.00004	0.00000	0.00000	-0.00000	0.00000	0.00000	0.00031	0.00000	0.00000
5989	F	J	Chr1	9102111	-0.02044	0.00000	0.00000	-0.00168	0.00000	0.00000	0.00483	0.00000	0.00000	0.00196	0.00000	0.00000
6007	F	J	Chr1	9109744	-0.00000	0.00000	0.00000	-0.00000	0.00000	0.00000	-0.00000	0.00000	0.00000	0.00029	0.00000	0.00000
6016	F	J	Chr1	9120092	-0.00000	0.00000	0.00000	-0.00000	0.00000	0.00000	-0.00000	0.00000	0.00000	0.00030	0.00000	0.00000
6024	F	J	Chr1	9128785	-0.00000	0.00000	0.00000	-0.00000	0.00000	0.00000	-0.00000	0.00000	0.00000	0.00029	0.00000	0.00000
6127	F	J	Chr1	9234930	-0.02564	0.00000	0.00000	-0.00132	0.00000	0.00000	-0.00132	0.00000	0.00000	0.00056	0.00000	0.00000
6129	F	J	Chr1	9239180	-0.00000	0.00000	0.00000	-0.00000	0.00000	0.00000	-0.00000	0.00000	0.00000	0.00028	0.00000	0.00000
6151	F	J	Chr1	9252666	-0.00000	0.00000	0.00000	-0.00000	0.00000	0.00000	-0.00000	0.00000	0.00000	0.00029	0.00000	0.00000
6165	F	J	Chr1	9266397	-0.00000	0.00000	0.00000	-0.00000	0.00000	0.00000	-0.00000	0.00000	0.00000	0.00029	0.00000	0.00000
6432	F	J	Chr1	9614281	0.02922	0.00000	0.00000	0.00434	0.00000	0.00000	0.02220	0.00000	0.00000	0.00262	0.00000	0.00000
6517	F	J	Chr1	9690154	-0.00130	0.00000	0.00000	-0.00003	0.00000	0.00000	0.00003	0.00000	0.00000	0.00087	0.00000	0.00000
6532	F	J	Chr1	9704123	-0.02558	0.00000	0.00000	-0.01293	0.00000	0.00000	0.00000	0.00000	0.00000	0.00486	0.00000	0.00000
6578	F	J	Chr1	9745447	-0.00000	0.00000	0.00000	-0.00000	0.00000	0.00000	-0.00000	0.00000	0.00000	0.00030	0.00000	0.00000
6602	F	J	Chr1	9764693	0.00736	0.00000	0.00000	0.00083	0.00000	0.00000	0.01585	0.00000	0.00000	0.00227	0.00000	0.00000
6608	F	J	Chr1	9769693	-0.00000	0.00000	0.00000	-0.00000	0.00000	0.00000	-0.00000	0.00000	0.00000	0.00029	0.00000	0.00000
6637	F	J	Chr1	9812703	-0.02163	0.00000	0.00000	-0.00414	0.00000	0.00000	-0.00414	0.00000	0.00000	0.00192	0.00000	0.00000
6700	F	J	Chr1	9908295	-0.02126	0.00000	0.00000	-0.00300	0.00000	0.00000	-0.00589	0.00000	0.00000	0.00245	0.00000	0.00000
6703	F	J	Chr1	9908390	-0.00163	0.00000	0.00000	-0.00018	0.00000	0.00000	-0.00127	0.00000	0.00000	0.00169	0.00000	0.00000
6717	F	J	Chr1	9916934	-0.00415	0.00000	0.00000	-0.00011	0.00000	0.00000	0.01834	0.00000	0.00000	0.00182	0.00000	0.00000
6725	F	J	Chr1	9921996	-0.00000	0.00000	0.00000	-0.00000	0.00000	0.00000	-0.00000	0.00000	0.00000	0.00029	0.00000	0.00000
6730	F	J	Chr1	9925438	-0.02793	0.00000	0.00000	-0.00955	0.00000	0.00000	0.01629	0.00000	0.00000	0.00433	0.00000	0.00000
6789	F	J	Chr1	9979628	-0.00000	0.00000	0.00000	-0.00000	0.00000	0.00000	-0.00000	0.00000	0.00000	0.00030	0.00000	0.00000
6812	F	J	Chr1	10020729	-0.02564	0.00000	0.00000	-0.00132	0.00000	0.00000	-0.00132	0.00000	0.00000	0.00054	0.00000	0.00000
6851	F	J	Chr1	10059891	-0.02766	0.00000	0.00000	-0.02844	0.00000	0.00000	-0.03350	0.00000	0.00000	0.00698	0.00000	0.00000
6885	F	J	Chr1	10095334	-0.01967	0.00000	0.00000	-0.00167	0.00000	0.00000	-0.00426	0.00000	0.00000	0.00242	0.00000	0.00000
6886	F	J	Chr1	10095337	-0.00000	0.00000	0.00000	-0.00000	0.00000	0.00000	-0.00000	0.00000	0.00000	0.00030	0.00000	0.00000
6894	F	J	Chr1	10106009	-0.00000	0.00000	0.00000	-0.00000	0.00000	0.00000	-0.00000	0.00000	0.00000	0.00028	0.00000	0.00000
6991	F	J	Chr1	10197395	0.02564	0.00000	0.00000	0.00135	0.00000	0.00000	0.00135	0.00000	0.00000	0.00055	0.00000	0.00000
7018	F	J	Chr1	10228436	-0.00000	0.00000	0.00000	-0.00000	0.00000	0.00000	-0.00000	0.00000	0.00000	0.00030	0.00000	0.00000
7023	F	J	Chr1	10230285	-0.02244	0.00000	0.00000	-0.00564	0.00000	0.00000	-0.00564	0.00000	0.00000	0.00240	0.00000	0.00000
7028	F	J	Chr1	10234310	-0.02630	0.00000	0.00000	-0.00139	0.00000	0.00000	0.00007	0.00000	0.00000	0.00107	0.00000	0.00000
7067	F	J	Chr1	10267575	-0.00000	0.00000	0.00000	-0.00000	0.00000	0.00000	-0.00000	0.00000	0.00000	0.00030	0.00000	0.00000
7068	F	J	Chr1	10267578	0.00000	0.00000	0.00000	0.00000	0.00000	0.00000	-0.00004	0.00000	0.00000	0.00092	0.00000	0.00000
7073	F	J	Chr1	10274054	0.00000	0.00000	0.00000	0.00000	0.00000	0.00000	0.00276	0.00000	0.00000	0.00090	0.00000	0.00000
7098	F	J	Chr1	10298281	-0.00000	0.00000	0.00000	-0.00000	0.00000	0.00000	-0.00000	0.00000	0.00000	0.00029	0.00000	0.00000
7110	F	J	Chr1	10312997	0.02376	0.00000	0.00000	0.00128	0.00000	0.00000	0.00007	0.00000	0.00000	0.00117	0.00000	0.00000
7115	F	J	Chr1	10323529	-0.02564	0.00000	0.00000	-0.00132	0.00000	0.00000	-0.00132	0.00000	0.00000	0.00060	0.00000	0.00000
7185	F	J	Chr1	10385105	-0.00000	0.00000	0.00000	-0.00000	0.00000	0.00000	-0.00000	0.00000	0.00000	0.00029	0.00000	0.00000
7236	F	J	Chr1	10454047	-0.00000	0.00000	0.00000	-0.00000	0.00000	0.00000	-0.00000	0.00000	0.00000	0.00029	0.00000	0.00000
7246	F	J	Chr1	10459967	-0.00918	0.00000	0.00000	-0.00358	0.00000	0.00000	-0.00527	0.00000	0.00000	0.00369	0.00000	0.00000
7262	F	J	Chr1	10467019	-0.00000	0.00000	0.00000	-0.00000	0.00000	0.00000	-0.00000	0.00000	0.00000	0.00030	0.00000	0.00000
7265	F	J	Chr1	10467611	-0.01680	0.00000	0.00000	-0.00131	0.00000	0.00000	-0.00131	0.00000	0.00000	0.00085	0.00000	0.00000
7272	F	J	Chr1	10470600	-0.00000	0.00000	0.00000	-0.00000	0.00000	0.00000	-0.00000	0.00000	0.00000	0.00030	0.00000	0.00000
7292	F	J	Chr1	10491030	-0.02732	0.00000	0.00000	-0.01618	0.00000	0.00000	-0.01699	0.00000	0.00000	0.00540	0.00000	0.00000
7434	F	J	Chr1	10637242	-0.00000	0.00000	0.00000	-0.00000	0.00000	0.00000	-0.00000	0.00000	0.00000	0.00030	0.00000	0.00000
7479	F	J	Chr1	10707666	-0.00000	0.00000	0.00000	-0.00000	0.00000	0.00000	-0.00000	0.00000	0.00000	0.00030	0.00000	0.00000
7541	F	J	Chr1	10767675	-0.02633	0.00000	0.00000	-0.02705	0.00000	0.00000	-0.02490	0.00000	0.00000	0.00594	0.00000	0.00000
7544	F	J	Chr1	10767754	-0.02633	0.00000	0.00000	-0.02690	0.00000	0.00000	-0.02476	0.00000	0.00000	0.00621	0.00000	0.00000
7566	F	J	Chr1	10794912	0.00137	0.00000	0.00000	0.00004	0.00000	0.00000	0.00276	0.00000	0.00000	0.00089	0.00000	0.00000
7567	F	J	Chr1	10794915	-0.00000	0.00000	0.00000	-0.00000	0.00000	0.00000	-0.00000	0.00000	0.00000	0.00029	0.00000	0.00000
7614	F	J	Chr1	10877748	-0.02564	0.00000	0.00000	-0.02618	0.00000	0.00000	-0.02618	0.00000	0.00000	0.00578	0.00000	0.00000
7669	F	J	Chr1	10949591	-0.00000	0.00000	0.00000	-0.00000	0.00000	0.00000	-0.00000	0.00000	0.00000	0.00029	0.00000	0.00000
7760	F	J	Chr1	11039620	-0.00298	0.00000	0.00000	-0.00008	0.00000	0.00000	0.00382	0.00000	0.00000	0.00228	0.00000	0.00000
7761	F	J	Chr1	11039623	-0.00000	0.00000	0.00000	-0.00000	0.00000	0.00000	-0.00000	0.00000	0.00000	0.00029	0.00000	0.00000
7857	F	J	Chr1	11186419	0.02181	0.00000	0.00000	0.00120	0.00000	0.00000	0.00463	0.00000	0.00000	0.00176	0.00000	0.00000
7984	F	J	Chr1	11285472	-0.00000	0.00000	0.00000	-0.00000	0.00000	0.00000	-0.00000	0.00000	0.00000	0.00027	0.00000	0.00000
7990	F	J	Chr1	11299102	-0.00000	0.00000	0.00000	-0.00000	0.00000	0.00000	-0.00000	0.00000	0.00000	0.00030	0.00000	0.00000
8047	F	J	Chr1	11359381	-0.00000	0.00000	0.00000	-0.00000	0.00000	0.00000	-0.00000	0.00000	0.00000	0.00030	0.00000	0.00000
8209	F	J	Chr1	11568615	-0.00000	0.00000	0.00000	-0.00000	0.00000	0.00000	-0.00000	0.00000	0.00000	0.00030	0.00000	0.00000
8278	F	J	Chr1	11622346	-0.00000	0.00000	0.00000	-0.00000	0.00000	0.00000	-0.00000	0.00000	0.00000	0.00027	0.00000	0.00000
8280	F	J	Chr1	11622781	0.00736	0.00000	0.00000	0.00083	0.00000	0.00000	0.01585	0.00000	0.00000	0.00224	0.00000	0.00000
8304	F	J	Chr1	11667946	-0.00000	0.00000	0.00000	-0.00000	0.00000	0.00000	-0.00000	0.00000	0.00000	0.00030	0.00000	0.00000
8317	F	J	Chr1	11691056	-0.00000	0.00000	0.00000	-0.00000	0.00000	0.00000	-0.00000	0.00000	0.00000	0.00030	0.00000	0.00000
8321	F	J	Chr1	11703423	-0.00000	0.00000	0.00000	-0.00000	0.00000	0.00000	-0.00000	0.00000	0.00000	0.00029	0.00000	0.00000
8594	F	J	Chr1	12042342	-0.00000	0.00000	0.00000	-0.00000	0.00000	0.00000	-0.00000	0.00000	0.00000	0.00029	0.00000	0.00000
8618	F	J	Chr1	12085561	0.00391	0.00000	0.00000	0.00043	0.00000	0.00000	0.00463	0.00000	0.00000	0.00174	0.00000	0.00000
8678	F	J	Chr1	12138560	-0.00000	0.00000	0.00000	-0.00000	0.00000	0.00000	-0.00000	0.00000	0.00000	0.00030	0.00000	0.00000
8792	F	J	Chr1	12257936	-0.00000	0.00000	0.00000	-0.00000	0.00000	0.00000	-0.00000	0.00000	0.00000	0.00030	0.00000	0.00000
8822	F	J	Chr1	12304193	0.08389	0.00000	0.00000	0.08313	0.00000	0.00000	0.07909	0.00000	0.00000	0.00677	0.00000	0.00000
8827	F	J	Chr1	12306172	0.00000	0.00000	0.00000	0.00000	0.00000	0.00000	-0.00274	0.00000	0.00000	0.00127	0.00000	0.00000
8840	F	J	Chr1	12314759	-0.00000	0.00000	0.00000	-0.00000	0.00000	0.00000	-0.00000	0.00000	0.00000	0.00028	0.00000	0.00000
8864	F	J	Chr1	12342227	-0.00000	0.00000	0.00000	-0.00000	0.00000	0.00000	-0.00000	0.00000	0.00000	0.00030	0.00000	0.00000
8874	F	J	Chr1	12343361	-0.00000	0.00000	0.00000	-0.00000	0.00000	0.00000	-0.00000	0.00000	0.00000	0.00029	0.00000	0.00000
8898	F	J	Chr1	12365809	-0.00000	0.00000	0.00000	-0.00000	0.00000	0.00000	-0.00000	0.00000	0.00000	0.00028	0.00000	0.00000
8910	F	J	Chr1	12381166	-0.02564	0.00000	0.00000	-0.00132	0.00000	0.00000	-0.00132	0.00000	0.00000	0.00059	0.00000	0.00000
8922	F	J	Chr1	12399567	-0.00144	0.00000	0.00000	-0.00004	0.00000	0.00000	0.00276	0.00000	0.00000	0.00086	0.00000	0.00000
8937	F	J	Chr1	12429372	0.00100	0.00000	0.00000	0.00011	0.00000	0.00000	0.00011	0.00000	0.00000	0.00114	0.00000	0.00000
8940	F	J	Chr1	12431359	-0.00273	0.00000	0.00000	-0.00266	0.00000	0.00000	-0.00234	0.00000	0.00000	0.00623	0.00000	0.00000
8956	F	J	Chr1	12452285	-0.00000	0.00000	0.00000	-0.00000	0.00000	0.00000	-0.00000	0.00000	0.00000	0.00029	0.00000	0.00000
8978	F	J	Chr1	12465555	-0.00298	0.00000	0.00000	-0.00008	0.00000	0.00000	0.01813	0.00000	0.00000	0.00209	0.00000	0.00000
8981	F	J	Chr1	12467092	-0.00000	0.00000	0.00000	-0.00000	0.00000	0.00000	-0.00000	0.00000	0.00000	0.00030	0.00000	0.00000
8993	F	J	Chr1	12484048	-0.00130	0.00000	0.00000	-0.00003	0.00000	0.00000	0.00003	0.00000	0.00000	0.00081	0.00000	0.00000
8994	F	J	Chr1	12484051	-0.01296	0.00000	0.00000	-0.00111	0.00000	0.00000	0.02733	0.00000	0.00000	0.00253	0.00000	0.00000
9020	F	J	Chr1	12513466	0.00297	0.00000	0.00000	0.00008	0.00000	0.00000	-0.00000	0.00000	0.00000	0.00033	0.00000	0.00000
9141	F	J	Chr1	12650770	-0.00000	0.00000	0.00000	-0.00000	0.00000	0.00000	-0.00000	0.00000	0.00000	0.00028	0.00000	0.00000
9143	F	J	Chr1	12654334	0.04571	0.00000	0.00000	0.00762	0.00000	0.00000	0.00762	0.00000	0.00000	0.00163	0.00000	0.00000
9164	F	J	Chr1	12678343	-0.02564	0.00000	0.00000	-0.00132	0.00000	0.00000	-0.00132	0.00000	0.00000	0.00056	0.00000	0.00000
9202	F	J	Chr1	12733046	-0.02564	0.00000	0.00000	-0.00132	0.00000	0.00000	-0.00132	0.00000	0.00000	0.00060	0.00000	0.00000
9226	F	J	Chr1	12769468	-0.01832	0.00000	0.00000	-0.00996	0.00000	0.00000	-0.00996	0.00000	0.00000	0.00410	0.00000	0.00000
9330	F	J	Chr1	12865784	-0.00000	0.00000	0.00000	-0.00000	0.00000	0.00000	-0.00000	0.00000	0.00000	0.00029	0.00000	0.00000
9334	F	J	Chr1	12866082	0.05128	0.00000	0.00000	0.00414	0.00000	0.00000	0.00414	0.00000	0.00000	0.00088	0.00000	0.00000
9343	F	J	Chr1	12876091	-0.00000	0.00000	0.00000	-0.00000	0.00000	0.00000	-0.00000	0.00000	0.00000	0.00029	0.00000	0.00000
9356	F	J	Chr1	12899829	-0.00000	0.00000	0.00000	-0.00000	0.00000	0.00000	-0.00000	0.00000	0.00000	0.00028	0.00000	0.00000
9436	F	J	Chr1	12995615	0.00111	0.00000	0.00000	0.00012	0.00000	0.00000	-0.00273	0.00000	0.00000	0.00211	0.00000	0.00000
9464	F	J	Chr1	13028236	-0.00130	0.00000	0.00000	-0.00003	0.00000	0.00000	-0.00000	0.00000	0.00000	0.00029	0.00000	0.00000
9480	F	J	Chr1	13044483	-0.01893	0.00000	0.00000	-0.00673	0.00000	0.00000	-0.00726	0.00000	0.00000	0.00341	0.00000	0.00000
9506	F	J	Chr1	13075741	-0.00000	0.00000	0.00000	-0.00000	0.00000	0.00000	-0.00000	0.00000	0.00000	0.00030	0.00000	0.00000
9509	F	J	Chr1	13082623	-0.00000	0.00000	0.00000	-0.00000	0.00000	0.00000	-0.00000	0.00000	0.00000	0.00030	0.00000	0.00000
9547	F	J	Chr1	13120393	-0.02019	0.00000	0.00000	-0.00269	0.00000	0.00000	-0.00269	0.00000	0.00000	0.00141	0.00000	0.00000
9579	F	J	Chr1	13140503	-0.00000	0.00000	0.00000	-0.00000	0.00000	0.00000	-0.00000	0.00000	0.00000	0.00030	0.00000	0.00000
9624	F	J	Chr1	13212238	-0.02564	0.00000	0.00000	-0.00132	0.00000	0.00000	-0.00132	0.00000	0.00000	0.00057	0.00000	0.00000
9670	F	J	Chr1	13240705	0.05137	0.00000	0.00000	0.00449	0.00000	0.00000	-0.00105	0.00000	0.00000	0.00249	0.00000	0.00000
9704	F	J	Chr1	13268135	-0.00130	0.00000	0.00000	-0.00003	0.00000	0.00000	0.00003	0.00000	0.00000	0.00086	0.00000	0.00000
9743	F	J	Chr1	13280495	-0.00000	0.00000	0.00000	-0.00000	0.00000	0.00000	-0.00000	0.00000	0.00000	0.00030	0.00000	0.00000
9761	F	J	Chr1	13297584	-0.00000	0.00000	0.00000	-0.00000	0.00000	0.00000	-0.00000	0.00000	0.00000	0.00029	0.00000	0.00000
9763	F	J	Chr1	13298351	0.00137	0.00000	0.00000	0.00004	0.00000	0.00000	0.00276	0.00000	0.00000	0.00084	0.00000	0.00000
9788	F	J	Chr1	13341214	-0.00000	0.00000	0.00000	-0.00000	0.00000	0.00000	-0.00000	0.00000	0.00000	0.00030	0.00000	0.00000
9847	F	J	Chr1	13425494	0.00137	0.00000	0.00000	0.00004	0.00000	0.00000	0.00276	0.00000	0.00000	0.00087	0.00000	0.00000
9937	F	J	Chr1	13604684	-0.00000	0.00000	0.00000	-0.00000	0.00000	0.00000	-0.00000	0.00000	0.00000	0.00029	0.00000	0.00000
9974	F	J	Chr1	13672847	0.00297	0.00000	0.00000	0.00008	0.00000	0.00000	0.01159	0.00000	0.00000	0.00142	0.00000	0.00000
9999	F	J	Chr1	13714499	-0.00000	0.00000	0.00000	-0.00000	0.00000	0.00000	-0.00000	0.00000	0.00000	0.00028	0.00000	0.00000
10020	F	J	Chr1	13744058	-0.00000	0.00000	0.00000	-0.00000	0.00000	0.00000	-0.00000	0.00000	0.00000	0.00030	0.00000	0.00000
10080	F	J	Chr1	13841881	-0.00000	0.00000	0.00000	-0.00000	0.00000	0.00000	-0.00000	0.00000	0.00000	0.00028	0.00000	0.00000
10119	F	J	Chr1	13897843	-0.02019	0.00000	0.00000	-0.00269	0.00000	0.00000	-0.00269	0.00000	0.00000	0.00136	0.00000	0.00000
10123	F	J	Chr1	13901679	-0.00000	0.00000	0.00000	-0.00000	0.00000	0.00000	-0.00000	0.00000	0.00000	0.00028	0.00000	0.00000
10157	F	J	Chr1	13939361	-0.00000	0.00000	0.00000	-0.00000	0.00000	0.00000	-0.00000	0.00000	0.00000	0.00029	0.00000	0.00000
10179	F	J	Chr1	13963343	0.02564	0.00000	0.00000	0.00135	0.00000	0.00000	0.00135	0.00000	0.00000	0.00057	0.00000	0.00000
10203	F	J	Chr1	13973924	-0.01680	0.00000	0.00000	-0.00131	0.00000	0.00000	-0.00131	0.00000	0.00000	0.00087	0.00000	0.00000
10261	F	J	Chr1	14027166	-0.02630	0.00000	0.00000	-0.00139	0.00000	0.00000	-0.00139	0.00000	0.00000	0.00060	0.00000	0.00000
10387	F	J	Chr1	14167638	-0.02478	0.00000	0.00000	-0.01767	0.00000	0.00000	-0.00347	0.00000	0.00000	0.00559	0.00000	0.00000
10441	F	J	Chr1	14223320	-0.00000	0.00000	0.00000	-0.00000	0.00000	0.00000	-0.00000	0.00000	0.00000	0.00029	0.00000	0.00000
10465	F	J	Chr1	14252759	-0.02703	0.00000	0.00000	-0.02100	0.00000	0.00000	-0.02474	0.00000	0.00000	0.00531	0.00000	0.00000
10484	F	J	Chr1	14278782	0.01767	0.00000	0.00000	0.01027	0.00000	0.00000	0.01027	0.00000	0.00000	0.00449	0.00000	0.00000
10487	F	J	Chr1	14281372	-0.00000	0.00000	0.00000	-0.00000	0.00000	0.00000	-0.00000	0.00000	0.00000	0.00030	0.00000	0.00000
10504	F	J	Chr1	14287811	-0.00000	0.00000	0.00000	-0.00000	0.00000	0.00000	-0.00000	0.00000	0.00000	0.00030	0.00000	0.00000
10583	F	J	Chr1	14373470	-0.00000	0.00000	0.00000	-0.00000	0.00000	0.00000	-0.00000	0.00000	0.00000	0.00030	0.00000	0.00000
10604	F	J	Chr1	14389315	0.02564	0.00000	0.00000	0.00135	0.00000	0.00000	0.00135	0.00000	0.00000	0.00057	0.00000	0.00000
10731	F	J	Chr1	14528674	0.05665	0.00000	0.00000	0.00472	0.00000	0.00000	0.01015	0.00000	0.00000	0.00142	0.00000	0.00000
10763	F	J	Chr1	14537450	0.03746	0.00000	0.00000	0.02583	0.00000	0.00000	0.04878	0.00000	0.00000	0.00563	0.00000	0.00000
10824	F	J	Chr1	14623559	-0.00000	0.00000	0.00000	-0.00000	0.00000	0.00000	-0.00000	0.00000	0.00000	0.00028	0.00000	0.00000
10837	F	J	Chr1	14625517	-0.00000	0.00000	0.00000	-0.00000	0.00000	0.00000	-0.00000	0.00000	0.00000	0.00029	0.00000	0.00000
10857	F	J	Chr1	14650371	-0.00000	0.00000	0.00000	-0.00000	0.00000	0.00000	-0.00000	0.00000	0.00000	0.00030	0.00000	0.00000
10902	F	J	Chr1	14716344	-0.00130	0.00000	0.00000	-0.00003	0.00000	0.00000	0.00003	0.00000	0.00000	0.00084	0.00000	0.00000
10967	F	J	Chr1	14865763	-0.00000	0.00000	0.00000	-0.00000	0.00000	0.00000	-0.00000	0.00000	0.00000	0.00030	0.00000	0.00000
11151	F	J	Chr1	15163699	-0.00268	0.00000	0.00000	-0.00007	0.00000	0.00000	-0.00000	0.00000	0.00000	0.00030	0.00000	0.00000
11275	F	J	Chr1	15359043	0.02181	0.00000	0.00000	0.00120	0.00000	0.00000	0.00463	0.00000	0.00000	0.00174	0.00000	0.00000
11289	F	J	Chr1	15386479	-0.00000	0.00000	0.00000	-0.00000	0.00000	0.00000	-0.00000	0.00000	0.00000	0.00029	0.00000	0.00000
11296	F	J	Chr1	15395129	-0.00000	0.00000	0.00000	-0.00000	0.00000	0.00000	-0.00000	0.00000	0.00000	0.00029	0.00000	0.00000
11299	F	J	Chr1	15398517	-0.00130	0.00000	0.00000	-0.00003	0.00000	0.00000	-0.00000	0.00000	0.00000	0.00029	0.00000	0.00000
11475	F	J	Chr1	15650983	0.07003	0.00000	0.00000	0.01390	0.00000	0.00000	0.01390	0.00000	0.00000	0.00201	0.00000	0.00000
11486	F	J	Chr1	15663524	-0.00000	0.00000	0.00000	-0.00000	0.00000	0.00000	-0.00000	0.00000	0.00000	0.00028	0.00000	0.00000
11499	F	J	Chr1	15681623	0.07822	0.00000	0.00000	0.04859	0.00000	0.00000	0.04859	0.00000	0.00000	0.00468	0.00000	0.00000
11505	F	J	Chr1	15687504	-0.00000	0.00000	0.00000	-0.00000	0.00000	0.00000	-0.00000	0.00000	0.00000	0.00029	0.00000	0.00000
11535	F	J	Chr1	15722433	-0.00000	0.00000	0.00000	-0.00000	0.00000	0.00000	-0.00000	0.00000	0.00000	0.00030	0.00000	0.00000
11550	F	J	Chr1	15731370	0.00137	0.00000	0.00000	0.00004	0.00000	0.00000	0.00276	0.00000	0.00000	0.00084	0.00000	0.00000
11566	F	J	Chr1	15764901	-0.00000	0.00000	0.00000	-0.00000	0.00000	0.00000	-0.00000	0.00000	0.00000	0.00028	0.00000	0.00000
11574	F	J	Chr1	15776579	-0.00000	0.00000	0.00000	-0.00000	0.00000	0.00000	-0.00000	0.00000	0.00000	0.00028	0.00000	0.00000
11577	F	J	Chr1	15783320	-0.00000	0.00000	0.00000	-0.00000	0.00000	0.00000	-0.00000	0.00000	0.00000	0.00030	0.00000	0.00000
11682	F	J	Chr1	15920621	-0.02206	0.00000	0.00000	-0.00302	0.00000	0.00000	-0.00273	0.00000	0.00000	0.00190	0.00000	0.00000
11695	F	J	Chr1	15932379	-0.00000	0.00000	0.00000	-0.00000	0.00000	0.00000	-0.00000	0.00000	0.00000	0.00029	0.00000	0.00000
11710	F	J	Chr1	15942082	-0.00000	0.00000	0.00000	-0.00000	0.00000	0.00000	-0.00000	0.00000	0.00000	0.00029	0.00000	0.00000
11731	F	J	Chr1	15958154	-0.02244	0.00000	0.00000	-0.00564	0.00000	0.00000	-0.00564	0.00000	0.00000	0.00219	0.00000	0.00000
11776	F	J	Chr1	16001939	0.04835	0.00000	0.00000	0.00852	0.00000	0.00000	0.00448	0.00000	0.00000	0.00221	0.00000	0.00000
11783	F	J	Chr1	16010266	-0.00000	0.00000	0.00000	-0.00000	0.00000	0.00000	-0.00000	0.00000	0.00000	0.00026	0.00000	0.00000
11791	F	J	Chr1	16014728	0.00000	0.00000	0.00000	0.00000	0.00000	0.00000	-0.00315	0.00000	0.00000	0.00188	0.00000	0.00000
11806	F	J	Chr1	16021181	-0.00268	0.00000	0.00000	-0.00007	0.00000	0.00000	0.00588	0.00000	0.00000	0.00137	0.00000	0.00000
11822	F	J	Chr1	16027535	-0.00000	0.00000	0.00000	-0.00000	0.00000	0.00000	-0.00000	0.00000	0.00000	0.00031	0.00000	0.00000
11830	F	J	Chr1	16034398	-0.00000	0.00000	0.00000	-0.00000	0.00000	0.00000	-0.00000	0.00000	0.00000	0.00029	0.00000	0.00000
11847	F	J	Chr1	16037359	0.02564	0.00000	0.00000	0.00135	0.00000	0.00000	0.00135	0.00000	0.00000	0.00057	0.00000	0.00000
11852	F	J	Chr1	16044502	-0.00130	0.00000	0.00000	-0.00003	0.00000	0.00000	0.00003	0.00000	0.00000	0.00091	0.00000	0.00000
11871	F	J	Chr1	16052764	-0.00000	0.00000	0.00000	-0.00000	0.00000	0.00000	-0.00000	0.00000	0.00000	0.00029	0.00000	0.00000
11915	F	J	Chr1	16092668	-0.00159	0.00000	0.00000	-0.00053	0.00000	0.00000	0.03750	0.00000	0.00000	0.00513	0.00000	0.00000
11931	F	J	Chr1	16106589	0.02376	0.00000	0.00000	0.00128	0.00000	0.00000	0.00007	0.00000	0.00000	0.00118	0.00000	0.00000
11943	F	J	Chr1	16114654	-0.00000	0.00000	0.00000	-0.00000	0.00000	0.00000	-0.00000	0.00000	0.00000	0.00029	0.00000	0.00000
11947	F	J	Chr1	16115498	-0.00000	0.00000	0.00000	-0.00000	0.00000	0.00000	-0.00000	0.00000	0.00000	0.00029	0.00000	0.00000
11959	F	J	Chr1	16124712	-0.00130	0.00000	0.00000	-0.00003	0.00000	0.00000	0.00003	0.00000	0.00000	0.00087	0.00000	0.00000
12001	F	J	Chr1	16156068	0.00000	0.00000	0.00000	0.00000	0.00000	0.00000	-0.00274	0.00000	0.00000	0.00141	0.00000	0.00000
12017	F	J	Chr1	16166276	0.02109	0.00000	0.00000	0.00330	0.00000	0.00000	-0.00561	0.00000	0.00000	0.00374	0.00000	0.00000
12091	F	J	Chr1	16241227	0.00000	0.00000	0.00000	0.00000	0.00000	0.00000	-0.00004	0.00000	0.00000	0.00095	0.00000	0.00000
12098	F	J	Chr1	16249240	-0.00268	0.00000	0.00000	-0.00007	0.00000	0.00000	0.00588	0.00000	0.00000	0.00144	0.00000	0.00000
12151	F	J	Chr1	16313229	-0.00000	0.00000	0.00000	-0.00000	0.00000	0.00000	-0.00000	0.00000	0.00000	0.00030	0.00000	0.00000
12173	F	J	Chr1	16333795	-0.00341	0.00000	0.00000	-0.00348	0.00000	0.00000	-0.01191	0.00000	0.00000	0.00667	0.00000	0.00000
12267	F	J	Chr1	16418007	0.02903	0.00000	0.00000	0.00157	0.00000	0.00000	0.00567	0.00000	0.00000	0.00112	0.00000	0.00000
12282	F	J	Chr1	16429718	-0.01680	0.00000	0.00000	-0.00131	0.00000	0.00000	-0.00131	0.00000	0.00000	0.00086	0.00000	0.00000
12299	F	J	Chr1	16442893	-0.00000	0.00000	0.00000	-0.00000	0.00000	0.00000	-0.00000	0.00000	0.00000	0.00030	0.00000	0.00000
12318	F	J	Chr1	16448699	0.01287	0.00000	0.00000	0.00917	0.00000	0.00000	0.01087	0.00000	0.00000	0.00563	0.00000	0.00000
12319	F	J	Chr1	16448702	-0.00000	0.00000	0.00000	-0.00000	0.00000	0.00000	-0.00000	0.00000	0.00000	0.00029	0.00000	0.00000
12392	F	J	Chr1	16524411	0.00137	0.00000	0.00000	0.00004	0.00000	0.00000	0.00276	0.00000	0.00000	0.00080	0.00000	0.00000
12434	F	J	Chr1	16545291	-0.01769	0.00000	0.00000	-0.00146	0.00000	0.00000	-0.00427	0.00000	0.00000	0.00183	0.00000	0.00000
12483	F	J	Chr1	16584881	-0.00130	0.00000	0.00000	-0.00003	0.00000	0.00000	-0.00000	0.00000	0.00000	0.00030	0.00000	0.00000
12562	F	J	Chr1	16654577	-0.00000	0.00000	0.00000	-0.00000	0.00000	0.00000	-0.00000	0.00000	0.00000	0.00029	0.00000	0.00000
12581	F	J	Chr1	16678285	-0.00000	0.00000	0.00000	-0.00000	0.00000	0.00000	-0.00000	0.00000	0.00000	0.00030	0.00000	0.00000
12649	F	J	Chr1	16748373	0.08916	0.00000	0.00000	0.01899	0.00000	0.00000	0.02775	0.00000	0.00000	0.00275	0.00000	0.00000
12662	F	J	Chr1	16753853	-0.01680	0.00000	0.00000	-0.00131	0.00000	0.00000	-0.00131	0.00000	0.00000	0.00084	0.00000	0.00000
12840	F	J	Chr1	16935112	-0.00000	0.00000	0.00000	-0.00000	0.00000	0.00000	-0.00000	0.00000	0.00000	0.00029	0.00000	0.00000
12846	F	J	Chr1	16952041	-0.02163	0.00000	0.00000	-0.00414	0.00000	0.00000	-0.00414	0.00000	0.00000	0.00188	0.00000	0.00000
12930	F	J	Chr1	17046324	-0.00000	0.00000	0.00000	-0.00000	0.00000	0.00000	-0.00000	0.00000	0.00000	0.00029	0.00000	0.00000
12985	F	J	Chr1	17119461	-0.00000	0.00000	0.00000	-0.00000	0.00000	0.00000	-0.00000	0.00000	0.00000	0.00029	0.00000	0.00000
13116	F	J	Chr1	17318260	-0.00163	0.00000	0.00000	-0.00018	0.00000	0.00000	-0.00127	0.00000	0.00000	0.00163	0.00000	0.00000
13117	F	J	Chr1	17318263	-0.01680	0.00000	0.00000	-0.00131	0.00000	0.00000	-0.00131	0.00000	0.00000	0.00084	0.00000	0.00000
13118	F	J	Chr1	17320929	-0.01149	0.00000	0.00000	-0.00255	0.00000	0.00000	-0.00255	0.00000	0.00000	0.00218	0.00000	0.00000
13129	F	J	Chr1	17331826	-0.00000	0.00000	0.00000	-0.00000	0.00000	0.00000	-0.00000	0.00000	0.00000	0.00029	0.00000	0.00000
13190	F	J	Chr1	17417678	0.00137	0.00000	0.00000	0.00004	0.00000	0.00000	0.00276	0.00000	0.00000	0.00090	0.00000	0.00000
13191	F	J	Chr1	17418110	0.02564	0.00000	0.00000	0.00135	0.00000	0.00000	0.00135	0.00000	0.00000	0.00059	0.00000	0.00000
13200	F	J	Chr1	17426940	-0.01465	0.00000	0.00000	-0.00439	0.00000	0.00000	-0.00750	0.00000	0.00000	0.00324	0.00000	0.00000
13282	F	J	Chr1	17483950	0.00137	0.00000	0.00000	0.00004	0.00000	0.00000	0.00276	0.00000	0.00000	0.00090	0.00000	0.00000
13294	F	J	Chr1	17492656	-0.00000	0.00000	0.00000	-0.00000	0.00000	0.00000	-0.00000	0.00000	0.00000	0.00029	0.00000	0.00000
13348	F	J	Chr1	17573949	-0.00000	0.00000	0.00000	-0.00000	0.00000	0.00000	-0.00000	0.00000	0.00000	0.00029	0.00000	0.00000
13352	F	J	Chr1	17577392	-0.00000	0.00000	0.00000	-0.00000	0.00000	0.00000	-0.00000	0.00000	0.00000	0.00030	0.00000	0.00000
13357	F	J	Chr1	17581803	-0.00130	0.00000	0.00000	-0.00003	0.00000	0.00000	0.00003	0.00000	0.00000	0.00085	0.00000	0.00000
13386	F	J	Chr1	17639220	-0.00268	0.00000	0.00000	-0.00007	0.00000	0.00000	0.00588	0.00000	0.00000	0.00149	0.00000	0.00000
13405	F	J	Chr1	17659341	-0.00000	0.00000	0.00000	-0.00000	0.00000	0.00000	-0.00000	0.00000	0.00000	0.00031	0.00000	0.00000
13428	F	J	Chr1	17683111	-0.00000	0.00000	0.00000	-0.00000	0.00000	0.00000	-0.00000	0.00000	0.00000	0.00030	0.00000	0.00000
13460	F	J	Chr1	17729459	0.01762	0.00000	0.00000	0.00741	0.00000	0.00000	-0.00340	0.00000	0.00000	0.00538	0.00000	0.00000
13491	F	J	Chr1	17761109	-0.02019	0.00000	0.00000	-0.00269	0.00000	0.00000	-0.00269	0.00000	0.00000	0.00133	0.00000	0.00000
13492	F	J	Chr1	17761518	0.02181	0.00000	0.00000	0.00120	0.00000	0.00000	0.00463	0.00000	0.00000	0.00176	0.00000	0.00000
13508	F	J	Chr1	17787848	-0.02019	0.00000	0.00000	-0.00269	0.00000	0.00000	-0.00269	0.00000	0.00000	0.00138	0.00000	0.00000
13552	F	J	Chr1	17843824	0.05128	0.00000	0.00000	0.00414	0.00000	0.00000	0.00414	0.00000	0.00000	0.00085	0.00000	0.00000
13571	F	J	Chr1	17854938	-0.00130	0.00000	0.00000	-0.00003	0.00000	0.00000	0.00003	0.00000	0.00000	0.00081	0.00000	0.00000
13593	F	J	Chr1	17874000	-0.02564	0.00000	0.00000	-0.00132	0.00000	0.00000	-0.00132	0.00000	0.00000	0.00058	0.00000	0.00000
13598	F	J	Chr1	17877335	-0.00000	0.00000	0.00000	-0.00000	0.00000	0.00000	-0.00000	0.00000	0.00000	0.00030	0.00000	0.00000
13651	F	J	Chr1	17902875	-0.02564	0.00000	0.00000	-0.00132	0.00000	0.00000	-0.00132	0.00000	0.00000	0.00056	0.00000	0.00000
13668	F	J	Chr1	17917405	-0.00000	0.00000	0.00000	-0.00000	0.00000	0.00000	-0.00000	0.00000	0.00000	0.00027	0.00000	0.00000
13744	F	J	Chr1	18001483	0.07003	0.00000	0.00000	0.01390	0.00000	0.00000	0.01390	0.00000	0.00000	0.00194	0.00000	0.00000
13811	F	J	Chr1	18103994	-0.00000	0.00000	0.00000	-0.00000	0.00000	0.00000	-0.00000	0.00000	0.00000	0.00029	0.00000	0.00000
13822	F	J	Chr1	18109030	-0.00000	0.00000	0.00000	-0.00000	0.00000	0.00000	-0.00000	0.00000	0.00000	0.00028	0.00000	0.00000
13862	F	J	Chr1	18171558	-0.00000	0.00000	0.00000	-0.00000	0.00000	0.00000	-0.00000	0.00000	0.00000	0.00030	0.00000	0.00000
13864	F	J	Chr1	18174192	-0.00000	0.00000	0.00000	-0.00000	0.00000	0.00000	-0.00000	0.00000	0.00000	0.00029	0.00000	0.00000
13890	F	J	Chr1	18211278	0.02903	0.00000	0.00000	0.00157	0.00000	0.00000	0.00567	0.00000	0.00000	0.00117	0.00000	0.00000
13903	F	J	Chr1	18230327	-0.00000	0.00000	0.00000	-0.00000	0.00000	0.00000	-0.00000	0.00000	0.00000	0.00029	0.00000	0.00000
13972	F	J	Chr1	18307639	-0.00000	0.00000	0.00000	-0.00000	0.00000	0.00000	-0.00000	0.00000	0.00000	0.00029	0.00000	0.00000
14038	F	J	Chr1	18362419	-0.00000	0.00000	0.00000	-0.00000	0.00000	0.00000	-0.00000	0.00000	0.00000	0.00029	0.00000	0.00000
14049	F	J	Chr1	18379126	-0.00000	0.00000	0.00000	-0.00000	0.00000	0.00000	-0.00000	0.00000	0.00000	0.00030	0.00000	0.00000
14053	F	J	Chr1	18386577	-0.00000	0.00000	0.00000	-0.00000	0.00000	0.00000	-0.00000	0.00000	0.00000	0.00029	0.00000	0.00000
14099	F	J	Chr1	18429137	-0.00000	0.00000	0.00000	-0.00000	0.00000	0.00000	-0.00000	0.00000	0.00000	0.00029	0.00000	0.00000
14110	F	J	Chr1	18434882	-0.00000	0.00000	0.00000	-0.00000	0.00000	0.00000	-0.00000	0.00000	0.00000	0.00028	0.00000	0.00000
14119	F	J	Chr1	18437961	-0.00268	0.00000	0.00000	-0.00007	0.00000	0.00000	0.00588	0.00000	0.00000	0.00151	0.00000	0.00000
14226	F	J	Chr1	18509062	0.00137	0.00000	0.00000	0.00004	0.00000	0.00000	-0.00000	0.00000	0.00000	0.00031	0.00000	0.00000
14252	F	J	Chr1	18520976	0.07692	0.00000	0.00000	0.00847	0.00000	0.00000	0.00847	0.00000	0.00000	0.00120	0.00000	0.00000
14263	F	J	Chr1	18529842	0.00137	0.00000	0.00000	0.00004	0.00000	0.00000	0.00276	0.00000	0.00000	0.00088	0.00000	0.00000
14269	F	J	Chr1	18532439	-0.02564	0.00000	0.00000	-0.00270	0.00000	0.00000	-0.00270	0.00000	0.00000	0.00110	0.00000	0.00000
14298	F	J	Chr1	18557625	0.00137	0.00000	0.00000	0.00004	0.00000	0.00000	-0.00000	0.00000	0.00000	0.00032	0.00000	0.00000
14309	F	J	Chr1	18565727	-0.00000	0.00000	0.00000	-0.00000	0.00000	0.00000	-0.00000	0.00000	0.00000	0.00030	0.00000	0.00000
14323	F	J	Chr1	18579452	0.00137	0.00000	0.00000	0.00004	0.00000	0.00000	-0.00000	0.00000	0.00000	0.00030	0.00000	0.00000
14329	F	J	Chr1	18585750	-0.00000	0.00000	0.00000	-0.00000	0.00000	0.00000	-0.00000	0.00000	0.00000	0.00028	0.00000	0.00000
14375	F	J	Chr1	18626733	-0.02564	0.00000	0.00000	-0.00132	0.00000	0.00000	-0.00132	0.00000	0.00000	0.00058	0.00000	0.00000
14451	F	J	Chr1	18729197	0.00137	0.00000	0.00000	0.00004	0.00000	0.00000	0.00276	0.00000	0.00000	0.00087	0.00000	0.00000
14478	F	J	Chr1	18754705	-0.00000	0.00000	0.00000	-0.00000	0.00000	0.00000	-0.00000	0.00000	0.00000	0.00028	0.00000	0.00000
14518	F	J	Chr1	18781577	-0.01680	0.00000	0.00000	-0.00131	0.00000	0.00000	-0.00131	0.00000	0.00000	0.00077	0.00000	0.00000
14550	F	J	Chr1	18814632	-0.00807	0.00000	0.00000	-0.00769	0.00000	0.00000	0.01940	0.00000	0.00000	0.00675	0.00000	0.00000
14555	F	J	Chr1	18822628	-0.00000	0.00000	0.00000	-0.00000	0.00000	0.00000	-0.00000	0.00000	0.00000	0.00030	0.00000	0.00000
14608	F	J	Chr1	18877774	0.03977	0.00000	0.00000	0.01274	0.00000	0.00000	0.01274	0.00000	0.00000	0.00263	0.00000	0.00000
14644	F	J	Chr1	18912034	-0.00000	0.00000	0.00000	-0.00000	0.00000	0.00000	-0.00000	0.00000	0.00000	0.00028	0.00000	0.00000
14687	F	J	Chr1	18942016	0.02494	0.00000	0.00000	0.01106	0.00000	0.00000	0.03282	0.00000	0.00000	0.00432	0.00000	0.00000
14702	F	J	Chr1	18953754	-0.02564	0.00000	0.00000	-0.00132	0.00000	0.00000	-0.00132	0.00000	0.00000	0.00056	0.00000	0.00000
14706	F	J	Chr1	18955943	-0.01680	0.00000	0.00000	-0.00131	0.00000	0.00000	-0.00131	0.00000	0.00000	0.00081	0.00000	0.00000
14753	F	J	Chr1	18996574	-0.00000	0.00000	0.00000	-0.00000	0.00000	0.00000	-0.00000	0.00000	0.00000	0.00030	0.00000	0.00000
14794	F	J	Chr1	19054191	-0.00000	0.00000	0.00000	-0.00000	0.00000	0.00000	-0.00000	0.00000	0.00000	0.00028	0.00000	0.00000
14803	F	J	Chr1	19063970	0.04035	0.00000	0.00000	0.00247	0.00000	0.00000	0.05949	0.00000	0.00000	0.00304	0.00000	0.00000
14878	F	J	Chr1	19140475	-0.01680	0.00000	0.00000	-0.00131	0.00000	0.00000	-0.00131	0.00000	0.00000	0.00082	0.00000	0.00000
15036	F	J	Chr1	19318331	-0.00000	0.00000	0.00000	-0.00000	0.00000	0.00000	-0.00000	0.00000	0.00000	0.00030	0.00000	0.00000
15067	F	J	Chr1	19362131	-0.00000	0.00000	0.00000	-0.00000	0.00000	0.00000	-0.00000	0.00000	0.00000	0.00028	0.00000	0.00000
15104	F	J	Chr1	19429160	-0.00000	0.00000	0.00000	-0.00000	0.00000	0.00000	-0.00000	0.00000	0.00000	0.00029	0.00000	0.00000
15114	F	J	Chr1	19442000	-0.00268	0.00000	0.00000	-0.00007	0.00000	0.00000	0.00588	0.00000	0.00000	0.00142	0.00000	0.00000
15116	F	J	Chr1	19442790	-0.00130	0.00000	0.00000	-0.00003	0.00000	0.00000	0.00003	0.00000	0.00000	0.00086	0.00000	0.00000
15144	F	J	Chr1	19486820	-0.00000	0.00000	0.00000	-0.00000	0.00000	0.00000	-0.00000	0.00000	0.00000	0.00029	0.00000	0.00000
15249	F	J	Chr1	19631216	-0.00000	0.00000	0.00000	-0.00000	0.00000	0.00000	-0.00000	0.00000	0.00000	0.00029	0.00000	0.00000
15272	F	J	Chr1	19670661	-0.00000	0.00000	0.00000	-0.00000	0.00000	0.00000	-0.00000	0.00000	0.00000	0.00029	0.00000	0.00000
15322	F	J	Chr1	19758666	-0.00000	0.00000	0.00000	-0.00000	0.00000	0.00000	-0.00000	0.00000	0.00000	0.00030	0.00000	0.00000
15387	F	J	Chr1	19851816	-0.00000	0.00000	0.00000	-0.00000	0.00000	0.00000	-0.00000	0.00000	0.00000	0.00029	0.00000	0.00000
15510	F	J	Chr1	20021437	0.00137	0.00000	0.00000	0.00004	0.00000	0.00000	0.00276	0.00000	0.00000	0.00090	0.00000	0.00000
15557	F	J	Chr1	20080693	-0.00000	0.00000	0.00000	-0.00000	0.00000	0.00000	-0.00000	0.00000	0.00000	0.00029	0.00000	0.00000
15634	F	J	Chr1	20239700	-0.00462	0.00000	0.00000	-0.00014	0.00000	0.00000	0.02052	0.00000	0.00000	0.00214	0.00000	0.00000
15662	F	J	Chr1	20261546	-0.00000	0.00000	0.00000	-0.00000	0.00000	0.00000	-0.00000	0.00000	0.00000	0.00030	0.00000	0.00000
15682	F	J	Chr1	20280444	0.00171	0.00000	0.00000	0.00005	0.00000	0.00000	0.00541	0.00000	0.00000	0.00146	0.00000	0.00000
15705	F	J	Chr1	20318240	0.00137	0.00000	0.00000	0.00004	0.00000	0.00000	0.00276	0.00000	0.00000	0.00088	0.00000	0.00000
15742	F	J	Chr1	20352104	0.00137	0.00000	0.00000	0.00004	0.00000	0.00000	-0.00000	0.00000	0.00000	0.00029	0.00000	0.00000
15786	F	J	Chr1	20396606	-0.00000	0.00000	0.00000	-0.00000	0.00000	0.00000	-0.00000	0.00000	0.00000	0.00029	0.00000	0.00000
15871	F	J	Chr1	20511859	0.02564	0.00000	0.00000	0.00135	0.00000	0.00000	0.00135	0.00000	0.00000	0.00060	0.00000	0.00000
15884	F	J	Chr1	20522703	-0.00000	0.00000	0.00000	-0.00000	0.00000	0.00000	-0.00000	0.00000	0.00000	0.00029	0.00000	0.00000
15949	F	J	Chr1	20596698	-0.00000	0.00000	0.00000	-0.00000	0.00000	0.00000	-0.00000	0.00000	0.00000	0.00029	0.00000	0.00000
15995	F	J	Chr1	20628660	-0.00130	0.00000	0.00000	-0.00003	0.00000	0.00000	0.00003	0.00000	0.00000	0.00077	0.00000	0.00000
16041	F	J	Chr1	20664579	-0.00000	0.00000	0.00000	-0.00000	0.00000	0.00000	-0.00000	0.00000	0.00000	0.00030	0.00000	0.00000
16043	F	J	Chr1	20665080	-0.00000	0.00000	0.00000	-0.00000	0.00000	0.00000	-0.00000	0.00000	0.00000	0.00029	0.00000	0.00000
16058	F	J	Chr1	20667887	-0.00000	0.00000	0.00000	-0.00000	0.00000	0.00000	-0.00000	0.00000	0.00000	0.00030	0.00000	0.00000
16062	F	J	Chr1	20670404	0.00137	0.00000	0.00000	0.00004	0.00000	0.00000	-0.00000	0.00000	0.00000	0.00030	0.00000	0.00000
16076	F	J	Chr1	20674223	0.05643	0.00000	0.00000	0.02687	0.00000	0.00000	0.02198	0.00000	0.00000	0.00439	0.00000	0.00000
16079	F	J	Chr1	20679968	-0.00000	0.00000	0.00000	-0.00000	0.00000	0.00000	-0.00000	0.00000	0.00000	0.00028	0.00000	0.00000
16093	F	J	Chr1	20693046	-0.00000	0.00000	0.00000	-0.00000	0.00000	0.00000	-0.00000	0.00000	0.00000	0.00029	0.00000	0.00000
16237	F	J	Chr1	20807461	0.00297	0.00000	0.00000	0.00008	0.00000	0.00000	0.01159	0.00000	0.00000	0.00152	0.00000	0.00000
16302	F	J	Chr1	20900007	-0.00130	0.00000	0.00000	-0.00003	0.00000	0.00000	0.00003	0.00000	0.00000	0.00086	0.00000	0.00000
16318	F	J	Chr1	20931307	-0.00000	0.00000	0.00000	-0.00000	0.00000	0.00000	-0.00000	0.00000	0.00000	0.00030	0.00000	0.00000
16382	F	J	Chr1	20986955	-0.00000	0.00000	0.00000	-0.00000	0.00000	0.00000	-0.00000	0.00000	0.00000	0.00029	0.00000	0.00000
16384	F	J	Chr1	20990511	0.00000	0.00000	0.00000	0.00000	0.00000	0.00000	-0.00004	0.00000	0.00000	0.00088	0.00000	0.00000
16398	F	J	Chr1	21005157	-0.02564	0.00000	0.00000	-0.00132	0.00000	0.00000	-0.00132	0.00000	0.00000	0.00055	0.00000	0.00000
16463	F	J	Chr1	21077780	-0.00000	0.00000	0.00000	-0.00000	0.00000	0.00000	-0.00000	0.00000	0.00000	0.00030	0.00000	0.00000
16560	F	J	Chr1	21144723	-0.00000	0.00000	0.00000	-0.00000	0.00000	0.00000	-0.00000	0.00000	0.00000	0.00029	0.00000	0.00000
16584	F	J	Chr1	21162198	0.02244	0.00000	0.00000	0.00305	0.00000	0.00000	0.00305	0.00000	0.00000	0.00142	0.00000	0.00000
16601	F	J	Chr1	21183644	-0.00000	0.00000	0.00000	-0.00000	0.00000	0.00000	-0.00000	0.00000	0.00000	0.00026	0.00000	0.00000
16604	F	J	Chr1	21183941	-0.00000	0.00000	0.00000	-0.00000	0.00000	0.00000	-0.00000	0.00000	0.00000	0.00029	0.00000	0.00000
16664	F	J	Chr1	21239415	-0.01680	0.00000	0.00000	-0.00131	0.00000	0.00000	-0.00131	0.00000	0.00000	0.00074	0.00000	0.00000
16679	F	J	Chr1	21243985	-0.02604	0.00000	0.00000	-0.01100	0.00000	0.00000	-0.00888	0.00000	0.00000	0.00382	0.00000	0.00000
16702	F	J	Chr1	21255391	0.02564	0.00000	0.00000	0.00135	0.00000	0.00000	0.00135	0.00000	0.00000	0.00059	0.00000	0.00000
16727	F	J	Chr1	21294885	-0.02613	0.00000	0.00000	-0.00758	0.00000	0.00000	-0.00568	0.00000	0.00000	0.00308	0.00000	0.00000
16820	F	J	Chr1	21390980	0.00391	0.00000	0.00000	0.00043	0.00000	0.00000	0.00463	0.00000	0.00000	0.00174	0.00000	0.00000
16913	F	J	Chr1	21505352	-0.00000	0.00000	0.00000	-0.00000	0.00000	0.00000	-0.00000	0.00000	0.00000	0.00030	0.00000	0.00000
16961	F	J	Chr2	15546	-0.02564	0.00000	0.00000	-0.02618	0.00000	0.00000	-0.02618	0.00000	0.00000	0.00571	0.00000	0.00000
17008	F	J	Chr2	39702	-0.02564	0.00000	0.00000	-0.02632	0.00000	0.00000	-0.02632	0.00000	0.00000	0.00579	0.00000	0.00000
17066	F	J	Chr2	112912	-0.00000	0.00000	0.00000	-0.00000	0.00000	0.00000	-0.00000	0.00000	0.00000	0.00029	0.00000	0.00000
17134	F	J	Chr2	263927	-0.00000	0.00000	0.00000	-0.00000	0.00000	0.00000	-0.00000	0.00000	0.00000	0.00030	0.00000	0.00000
17173	F	J	Chr2	342156	-0.00000	0.00000	0.00000	-0.00000	0.00000	0.00000	-0.00000	0.00000	0.00000	0.00029	0.00000	0.00000
17200	F	J	Chr2	403976	-0.00000	0.00000	0.00000	-0.00000	0.00000	0.00000	-0.00000	0.00000	0.00000	0.00029	0.00000	0.00000
17298	F	J	Chr2	545529	-0.00000	0.00000	0.00000	-0.00000	0.00000	0.00000	-0.00000	0.00000	0.00000	0.00029	0.00000	0.00000
17339	F	J	Chr2	621629	0.02564	0.00000	0.00000	0.00135	0.00000	0.00000	0.00135	0.00000	0.00000	0.00058	0.00000	0.00000
17351	F	J	Chr2	629466	-0.00000	0.00000	0.00000	-0.00000	0.00000	0.00000	-0.00000	0.00000	0.00000	0.00029	0.00000	0.00000
17435	F	J	Chr2	741379	0.02564	0.00000	0.00000	0.00135	0.00000	0.00000	0.00135	0.00000	0.00000	0.00057	0.00000	0.00000
17519	F	J	Chr2	909212	-0.00975	0.00000	0.00000	-0.00403	0.00000	0.00000	-0.00905	0.00000	0.00000	0.00472	0.00000	0.00000
17531	F	J	Chr2	935973	-0.00000	0.00000	0.00000	-0.00000	0.00000	0.00000	-0.00000	0.00000	0.00000	0.00030	0.00000	0.00000
17532	F	J	Chr2	936306	-0.00000	0.00000	0.00000	-0.00000	0.00000	0.00000	-0.00000	0.00000	0.00000	0.00029	0.00000	0.00000
17622	F	J	Chr2	1076397	0.04287	0.00000	0.00000	0.00255	0.00000	0.00000	0.05949	0.00000	0.00000	0.00300	0.00000	0.00000
17623	F	J	Chr2	1077997	-0.00000	0.00000	0.00000	-0.00000	0.00000	0.00000	-0.00000	0.00000	0.00000	0.00030	0.00000	0.00000
17736	F	J	Chr2	1252231	-0.00000	0.00000	0.00000	-0.00000	0.00000	0.00000	-0.00000	0.00000	0.00000	0.00029	0.00000	0.00000
17804	F	J	Chr2	1318987	-0.00130	0.00000	0.00000	-0.00003	0.00000	0.00000	0.00003	0.00000	0.00000	0.00074	0.00000	0.00000
17807	F	J	Chr2	1322057	0.02244	0.00000	0.00000	0.00305	0.00000	0.00000	0.00305	0.00000	0.00000	0.00144	0.00000	0.00000
17821	F	J	Chr2	1329483	-0.00000	0.00000	0.00000	-0.00000	0.00000	0.00000	-0.00000	0.00000	0.00000	0.00030	0.00000	0.00000
17833	F	J	Chr2	1344302	0.00000	0.00000	0.00000	0.00000	0.00000	0.00000	-0.00274	0.00000	0.00000	0.00141	0.00000	0.00000
17841	F	J	Chr2	1353105	-0.00000	0.00000	0.00000	-0.00000	0.00000	0.00000	-0.00000	0.00000	0.00000	0.00030	0.00000	0.00000
17842	F	J	Chr2	1353515	0.12354	0.00000	0.00000	0.04476	0.00000	0.00000	0.04476	0.00000	0.00000	0.00315	0.00000	0.00000
17873	F	J	Chr2	1390183	-0.02564	0.00000	0.00000	-0.00270	0.00000	0.00000	-0.00270	0.00000	0.00000	0.00115	0.00000	0.00000
17922	F	J	Chr2	1412466	-0.02238	0.00000	0.00000	-0.00189	0.00000	0.00000	0.01796	0.00000	0.00000	0.00264	0.00000	0.00000
17934	F	J	Chr2	1427996	-0.00000	0.00000	0.00000	-0.00000	0.00000	0.00000	-0.00000	0.00000	0.00000	0.00029	0.00000	0.00000
17944	F	J	Chr2	1436286	0.00000	0.00000	0.00000	0.00000	0.00000	0.00000	-0.00274	0.00000	0.00000	0.00138	0.00000	0.00000
17972	F	J	Chr2	1475805	-0.00130	0.00000	0.00000	-0.00003	0.00000	0.00000	0.00003	0.00000	0.00000	0.00087	0.00000	0.00000
17975	F	J	Chr2	1478421	-0.00000	0.00000	0.00000	-0.00000	0.00000	0.00000	-0.00000	0.00000	0.00000	0.00028	0.00000	0.00000
17983	F	J	Chr2	1488637	-0.00130	0.00000	0.00000	-0.00003	0.00000	0.00000	0.00003	0.00000	0.00000	0.00091	0.00000	0.00000
18011	F	J	Chr2	1540290	0.00000	0.00000	0.00000	0.00000	0.00000	0.00000	0.00559	0.00000	0.00000	0.00148	0.00000	0.00000
18019	F	J	Chr2	1545158	-0.00918	0.00000	0.00000	-0.00358	0.00000	0.00000	-0.00527	0.00000	0.00000	0.00378	0.00000	0.00000
18050	F	J	Chr2	1571814	-0.00000	0.00000	0.00000	-0.00000	0.00000	0.00000	-0.00000	0.00000	0.00000	0.00029	0.00000	0.00000
18074	F	J	Chr2	1603640	-0.02564	0.00000	0.00000	-0.00132	0.00000	0.00000	-0.00132	0.00000	0.00000	0.00050	0.00000	0.00000
18130	F	J	Chr2	1660229	-0.01680	0.00000	0.00000	-0.00131	0.00000	0.00000	-0.00131	0.00000	0.00000	0.00084	0.00000	0.00000
18182	F	J	Chr2	1706159	-0.02044	0.00000	0.00000	-0.00168	0.00000	0.00000	-0.00130	0.00000	0.00000	0.00142	0.00000	0.00000
18188	F	J	Chr2	1713674	-0.02695	0.00000	0.00000	-0.00146	0.00000	0.00000	-0.00147	0.00000	0.00000	0.00058	0.00000	0.00000
18277	F	J	Chr2	1824857	0.00000	0.00000	0.00000	0.00000	0.00000	0.00000	0.00276	0.00000	0.00000	0.00087	0.00000	0.00000
18299	F	J	Chr2	1852200	0.00137	0.00000	0.00000	0.00004	0.00000	0.00000	0.00276	0.00000	0.00000	0.00090	0.00000	0.00000
18302	F	J	Chr2	1854803	-0.00000	0.00000	0.00000	-0.00000	0.00000	0.00000	-0.00000	0.00000	0.00000	0.00027	0.00000	0.00000
18321	F	J	Chr2	1878352	-0.00000	0.00000	0.00000	-0.00000	0.00000	0.00000	-0.00000	0.00000	0.00000	0.00027	0.00000	0.00000
18341	F	J	Chr2	1901781	0.06040	0.00000	0.00000	0.01615	0.00000	0.00000	0.01598	0.00000	0.00000	0.00259	0.00000	0.00000
18435	F	J	Chr2	2026560	-0.01049	0.00000	0.00000	-0.00942	0.00000	0.00000	-0.01739	0.00000	0.00000	0.00680	0.00000	0.00000
18505	F	J	Chr2	2076251	-0.00000	0.00000	0.00000	-0.00000	0.00000	0.00000	-0.00000	0.00000	0.00000	0.00029	0.00000	0.00000
18574	F	J	Chr2	2150649	-0.00000	0.00000	0.00000	-0.00000	0.00000	0.00000	-0.00000	0.00000	0.00000	0.00030	0.00000	0.00000
18597	F	J	Chr2	2190524	-0.00000	0.00000	0.00000	-0.00000	0.00000	0.00000	-0.00000	0.00000	0.00000	0.00030	0.00000	0.00000
18626	F	J	Chr2	2249172	-0.02564	0.00000	0.00000	-0.00132	0.00000	0.00000	-0.00132	0.00000	0.00000	0.00056	0.00000	0.00000
18646	F	J	Chr2	2276596	-0.02564	0.00000	0.00000	-0.00132	0.00000	0.00000	-0.00132	0.00000	0.00000	0.00054	0.00000	0.00000
18660	F	J	Chr2	2289980	-0.00000	0.00000	0.00000	-0.00000	0.00000	0.00000	-0.00000	0.00000	0.00000	0.00030	0.00000	0.00000
18708	F	J	Chr2	2312898	-0.00000	0.00000	0.00000	-0.00000	0.00000	0.00000	-0.00000	0.00000	0.00000	0.00029	0.00000	0.00000
18753	F	J	Chr2	2369485	-0.00000	0.00000	0.00000	-0.00000	0.00000	0.00000	-0.00000	0.00000	0.00000	0.00029	0.00000	0.00000
18756	F	J	Chr2	2373434	-0.00000	0.00000	0.00000	-0.00000	0.00000	0.00000	-0.00000	0.00000	0.00000	0.00029	0.00000	0.00000
18795	F	J	Chr2	2402968	-0.00000	0.00000	0.00000	-0.00000	0.00000	0.00000	-0.00000	0.00000	0.00000	0.00026	0.00000	0.00000
18845	F	J	Chr2	2444143	-0.00000	0.00000	0.00000	-0.00000	0.00000	0.00000	-0.00000	0.00000	0.00000	0.00027	0.00000	0.00000
18892	F	J	Chr2	2467050	-0.00000	0.00000	0.00000	-0.00000	0.00000	0.00000	-0.00000	0.00000	0.00000	0.00030	0.00000	0.00000
18896	F	J	Chr2	2476495	0.00000	0.00000	0.00000	0.00000	0.00000	0.00000	-0.00004	0.00000	0.00000	0.00081	0.00000	0.00000
18949	F	J	Chr2	2516567	-0.02564	0.00000	0.00000	-0.00132	0.00000	0.00000	-0.00132	0.00000	0.00000	0.00052	0.00000	0.00000
18951	F	J	Chr2	2519713	-0.00000	0.00000	0.00000	-0.00000	0.00000	0.00000	-0.00000	0.00000	0.00000	0.00027	0.00000	0.00000
18953	F	J	Chr2	2519857	0.02564	0.00000	0.00000	0.00135	0.00000	0.00000	0.00135	0.00000	0.00000	0.00060	0.00000	0.00000
18998	F	J	Chr2	2539688	-0.00000	0.00000	0.00000	-0.00000	0.00000	0.00000	-0.00000	0.00000	0.00000	0.00030	0.00000	0.00000
19022	F	J	Chr2	2559697	-0.00000	0.00000	0.00000	-0.00000	0.00000	0.00000	-0.00000	0.00000	0.00000	0.00028	0.00000	0.00000
19088	F	J	Chr2	2632620	-0.00000	0.00000	0.00000	-0.00000	0.00000	0.00000	-0.00000	0.00000	0.00000	0.00027	0.00000	0.00000
19190	F	J	Chr2	2715264	-0.02435	0.00000	0.00000	-0.02471	0.00000	0.00000	-0.02471	0.00000	0.00000	0.00583	0.00000	0.00000
19237	F	J	Chr2	2754115	-0.00130	0.00000	0.00000	-0.00003	0.00000	0.00000	-0.00000	0.00000	0.00000	0.00029	0.00000	0.00000
19255	F	J	Chr2	2778010	-0.00733	0.00000	0.00000	-0.00119	0.00000	0.00000	-0.00119	0.00000	0.00000	0.00164	0.00000	0.00000
19264	F	J	Chr2	2783832	-0.01769	0.00000	0.00000	-0.00146	0.00000	0.00000	-0.00427	0.00000	0.00000	0.00179	0.00000	0.00000
19315	F	J	Chr2	2828494	0.00374	0.00000	0.00000	0.00011	0.00000	0.00000	0.02625	0.00000	0.00000	0.00303	0.00000	0.00000
19400	F	J	Chr2	2916033	0.00137	0.00000	0.00000	0.00004	0.00000	0.00000	0.00276	0.00000	0.00000	0.00085	0.00000	0.00000
19514	F	J	Chr2	3011676	-0.00000	0.00000	0.00000	-0.00000	0.00000	0.00000	-0.00000	0.00000	0.00000	0.00029	0.00000	0.00000
19531	F	J	Chr2	3029536	-0.00000	0.00000	0.00000	-0.00000	0.00000	0.00000	-0.00000	0.00000	0.00000	0.00029	0.00000	0.00000
19591	F	J	Chr2	3087851	0.08108	0.00000	0.00000	0.00945	0.00000	0.00000	0.00660	0.00000	0.00000	0.00195	0.00000	0.00000
19617	F	J	Chr2	3118835	0.02564	0.00000	0.00000	0.00135	0.00000	0.00000	0.00135	0.00000	0.00000	0.00055	0.00000	0.00000
19639	F	J	Chr2	3133040	-0.00000	0.00000	0.00000	-0.00000	0.00000	0.00000	-0.00000	0.00000	0.00000	0.00029	0.00000	0.00000
19660	F	J	Chr2	3156192	-0.00000	0.00000	0.00000	-0.00000	0.00000	0.00000	-0.00000	0.00000	0.00000	0.00026	0.00000	0.00000
19691	F	J	Chr2	3178776	-0.00130	0.00000	0.00000	-0.00003	0.00000	0.00000	-0.00000	0.00000	0.00000	0.00030	0.00000	0.00000
19720	F	J	Chr2	3194956	-0.02564	0.00000	0.00000	-0.00132	0.00000	0.00000	-0.00132	0.00000	0.00000	0.00058	0.00000	0.00000
19750	F	J	Chr2	3215588	-0.00000	0.00000	0.00000	-0.00000	0.00000	0.00000	-0.00000	0.00000	0.00000	0.00029	0.00000	0.00000
19766	F	J	Chr2	3220969	-0.00000	0.00000	0.00000	-0.00000	0.00000	0.00000	-0.00000	0.00000	0.00000	0.00030	0.00000	0.00000
19813	F	J	Chr2	3244462	-0.00000	0.00000	0.00000	-0.00000	0.00000	0.00000	-0.00000	0.00000	0.00000	0.00030	0.00000	0.00000
19824	F	J	Chr2	3250217	0.00137	0.00000	0.00000	0.00004	0.00000	0.00000	-0.00000	0.00000	0.00000	0.00029	0.00000	0.00000
19832	F	J	Chr2	3254981	-0.00000	0.00000	0.00000	-0.00000	0.00000	0.00000	-0.00000	0.00000	0.00000	0.00030	0.00000	0.00000
19920	F	J	Chr2	3338691	0.02564	0.00000	0.00000	0.00135	0.00000	0.00000	0.00135	0.00000	0.00000	0.00061	0.00000	0.00000
19945	F	J	Chr2	3362214	-0.00000	0.00000	0.00000	-0.00000	0.00000	0.00000	-0.00000	0.00000	0.00000	0.00029	0.00000	0.00000
19955	F	J	Chr2	3374662	-0.00000	0.00000	0.00000	-0.00000	0.00000	0.00000	-0.00000	0.00000	0.00000	0.00029	0.00000	0.00000
19995	F	J	Chr2	3412866	-0.02564	0.00000	0.00000	-0.00132	0.00000	0.00000	-0.00132	0.00000	0.00000	0.00059	0.00000	0.00000
20002	F	J	Chr2	3423960	-0.00000	0.00000	0.00000	-0.00000	0.00000	0.00000	-0.00000	0.00000	0.00000	0.00030	0.00000	0.00000
20030	F	J	Chr2	3446033	-0.00000	0.00000	0.00000	-0.00000	0.00000	0.00000	-0.00000	0.00000	0.00000	0.00029	0.00000	0.00000
20067	F	J	Chr2	3473186	0.00332	0.00000	0.00000	0.00010	0.00000	0.00000	0.02721	0.00000	0.00000	0.00208	0.00000	0.00000
20142	F	J	Chr2	3554811	-0.00000	0.00000	0.00000	-0.00000	0.00000	0.00000	-0.00000	0.00000	0.00000	0.00029	0.00000	0.00000
20207	F	J	Chr2	3593669	-0.00000	0.00000	0.00000	-0.00000	0.00000	0.00000	-0.00000	0.00000	0.00000	0.00029	0.00000	0.00000
20296	F	J	Chr2	3677323	-0.00000	0.00000	0.00000	-0.00000	0.00000	0.00000	-0.00000	0.00000	0.00000	0.00027	0.00000	0.00000
20307	F	J	Chr2	3681671	-0.00000	0.00000	0.00000	-0.00000	0.00000	0.00000	-0.00000	0.00000	0.00000	0.00030	0.00000	0.00000
20311	F	J	Chr2	3683604	-0.00000	0.00000	0.00000	-0.00000	0.00000	0.00000	-0.00000	0.00000	0.00000	0.00030	0.00000	0.00000
20333	F	J	Chr2	3705377	-0.00000	0.00000	0.00000	-0.00000	0.00000	0.00000	-0.00000	0.00000	0.00000	0.00030	0.00000	0.00000
20344	F	J	Chr2	3719258	-0.01680	0.00000	0.00000	-0.00131	0.00000	0.00000	-0.00131	0.00000	0.00000	0.00087	0.00000	0.00000
20370	F	J	Chr2	3748272	-0.00000	0.00000	0.00000	-0.00000	0.00000	0.00000	-0.00000	0.00000	0.00000	0.00029	0.00000	0.00000
20514	F	J	Chr2	3839590	-0.00000	0.00000	0.00000	-0.00000	0.00000	0.00000	-0.00000	0.00000	0.00000	0.00030	0.00000	0.00000
20619	F	J	Chr2	3935434	-0.00000	0.00000	0.00000	-0.00000	0.00000	0.00000	-0.00000	0.00000	0.00000	0.00028	0.00000	0.00000
20629	F	J	Chr2	3943234	-0.00130	0.00000	0.00000	-0.00003	0.00000	0.00000	0.00003	0.00000	0.00000	0.00085	0.00000	0.00000
20672	F	J	Chr2	3978885	0.00000	0.00000	0.00000	0.00000	0.00000	0.00000	-0.00274	0.00000	0.00000	0.00130	0.00000	0.00000
20730	F	J	Chr2	4029405	0.02564	0.00000	0.00000	0.00135	0.00000	0.00000	0.00135	0.00000	0.00000	0.00060	0.00000	0.00000
20816	F	J	Chr2	4114232	-0.02019	0.00000	0.00000	-0.00269	0.00000	0.00000	-0.00269	0.00000	0.00000	0.00143	0.00000	0.00000
20887	F	J	Chr2	4164273	-0.00130	0.00000	0.00000	-0.00003	0.00000	0.00000	0.00003	0.00000	0.00000	0.00089	0.00000	0.00000
20898	F	J	Chr2	4172125	-0.00000	0.00000	0.00000	-0.00000	0.00000	0.00000	-0.00000	0.00000	0.00000	0.00030	0.00000	0.00000
20901	F	J	Chr2	4177831	-0.00000	0.00000	0.00000	-0.00000	0.00000	0.00000	-0.00000	0.00000	0.00000	0.00029	0.00000	0.00000
20925	F	J	Chr2	4199232	-0.02564	0.00000	0.00000	-0.00132	0.00000	0.00000	-0.00132	0.00000	0.00000	0.00056	0.00000	0.00000
20943	F	J	Chr2	4214683	-0.02126	0.00000	0.00000	-0.00300	0.00000	0.00000	-0.00016	0.00000	0.00000	0.00201	0.00000	0.00000
21079	F	J	Chr2	4339647	-0.00000	0.00000	0.00000	-0.00000	0.00000	0.00000	-0.00000	0.00000	0.00000	0.00029	0.00000	0.00000
21092	F	J	Chr2	4351074	-0.00333	0.00000	0.00000	-0.00010	0.00000	0.00000	0.01159	0.00000	0.00000	0.00148	0.00000	0.00000
21096	F	J	Chr2	4352260	-0.00000	0.00000	0.00000	-0.00000	0.00000	0.00000	-0.00000	0.00000	0.00000	0.00030	0.00000	0.00000
21098	F	J	Chr2	4352821	-0.00547	0.00000	0.00000	-0.00069	0.00000	0.00000	0.01404	0.00000	0.00000	0.00235	0.00000	0.00000
21176	F	J	Chr2	4388613	0.02181	0.00000	0.00000	0.00120	0.00000	0.00000	0.00463	0.00000	0.00000	0.00176	0.00000	0.00000
21207	F	J	Chr2	4409387	-0.02564	0.00000	0.00000	-0.00132	0.00000	0.00000	-0.00132	0.00000	0.00000	0.00053	0.00000	0.00000
21272	F	J	Chr2	4462581	-0.00000	0.00000	0.00000	-0.00000	0.00000	0.00000	-0.00000	0.00000	0.00000	0.00029	0.00000	0.00000
21274	F	J	Chr2	4463948	0.02376	0.00000	0.00000	0.00128	0.00000	0.00000	0.00007	0.00000	0.00000	0.00116	0.00000	0.00000
21385	F	J	Chr2	4558656	-0.00130	0.00000	0.00000	-0.00003	0.00000	0.00000	0.00003	0.00000	0.00000	0.00089	0.00000	0.00000
21389	F	J	Chr2	4559324	-0.01579	0.00000	0.00000	-0.00127	0.00000	0.00000	0.00157	0.00000	0.00000	0.00142	0.00000	0.00000
21392	F	J	Chr2	4559634	-0.00000	0.00000	0.00000	-0.00000	0.00000	0.00000	-0.00000	0.00000	0.00000	0.00029	0.00000	0.00000
21415	F	J	Chr2	4591674	0.06463	0.00000	0.00000	0.03007	0.00000	0.00000	0.02405	0.00000	0.00000	0.00417	0.00000	0.00000
21425	F	J	Chr2	4599246	0.01383	0.00000	0.00000	0.01206	0.00000	0.00000	0.01030	0.00000	0.00000	0.00580	0.00000	0.00000
21490	F	J	Chr2	4679906	-0.00000	0.00000	0.00000	-0.00000	0.00000	0.00000	-0.00000	0.00000	0.00000	0.00030	0.00000	0.00000
21529	F	J	Chr2	4718270	-0.02564	0.00000	0.00000	-0.00132	0.00000	0.00000	-0.00132	0.00000	0.00000	0.00059	0.00000	0.00000
21536	F	J	Chr2	4721034	-0.00000	0.00000	0.00000	-0.00000	0.00000	0.00000	-0.00000	0.00000	0.00000	0.00030	0.00000	0.00000
21543	F	J	Chr2	4722676	-0.00000	0.00000	0.00000	-0.00000	0.00000	0.00000	-0.00000	0.00000	0.00000	0.00030	0.00000	0.00000
21623	F	J	Chr2	4824762	-0.00000	0.00000	0.00000	-0.00000	0.00000	0.00000	-0.00000	0.00000	0.00000	0.00029	0.00000	0.00000
21646	F	J	Chr2	4860479	-0.00000	0.00000	0.00000	-0.00000	0.00000	0.00000	-0.00000	0.00000	0.00000	0.00030	0.00000	0.00000
21685	F	J	Chr2	4917631	-0.00000	0.00000	0.00000	-0.00000	0.00000	0.00000	-0.00000	0.00000	0.00000	0.00031	0.00000	0.00000
21795	F	J	Chr2	5065983	-0.00000	0.00000	0.00000	-0.00000	0.00000	0.00000	-0.00000	0.00000	0.00000	0.00030	0.00000	0.00000
21812	F	J	Chr2	5098912	0.03751	0.00000	0.00000	0.00216	0.00000	0.00000	0.03406	0.00000	0.00000	0.00221	0.00000	0.00000
21853	F	J	Chr2	5160722	0.00357	0.00000	0.00000	0.00102	0.00000	0.00000	-0.00544	0.00000	0.00000	0.00399	0.00000	0.00000
21889	F	J	Chr2	5230741	-0.00000	0.00000	0.00000	-0.00000	0.00000	0.00000	-0.00000	0.00000	0.00000	0.00029	0.00000	0.00000
21902	F	J	Chr2	5250287	-0.02564	0.00000	0.00000	-0.00132	0.00000	0.00000	-0.00132	0.00000	0.00000	0.00056	0.00000	0.00000
21997	F	J	Chr2	5441956	-0.02373	0.00000	0.00000	-0.01210	0.00000	0.00000	-0.01210	0.00000	0.00000	0.00402	0.00000	0.00000
22021	F	J	Chr2	5460340	0.00137	0.00000	0.00000	0.00004	0.00000	0.00000	-0.00000	0.00000	0.00000	0.00030	0.00000	0.00000
22033	F	J	Chr2	5471683	-0.00000	0.00000	0.00000	-0.00000	0.00000	0.00000	-0.00000	0.00000	0.00000	0.00030	0.00000	0.00000
22109	F	J	Chr2	5567321	-0.00000	0.00000	0.00000	-0.00000	0.00000	0.00000	-0.00000	0.00000	0.00000	0.00027	0.00000	0.00000
22121	F	J	Chr2	5580337	-0.00000	0.00000	0.00000	-0.00000	0.00000	0.00000	-0.00000	0.00000	0.00000	0.00029	0.00000	0.00000
22245	F	J	Chr2	5720531	-0.00000	0.00000	0.00000	-0.00000	0.00000	0.00000	-0.00000	0.00000	0.00000	0.00030	0.00000	0.00000
22310	F	J	Chr2	5815676	-0.00000	0.00000	0.00000	-0.00000	0.00000	0.00000	-0.00000	0.00000	0.00000	0.00029	0.00000	0.00000
22357	F	J	Chr2	5871935	-0.00000	0.00000	0.00000	-0.00000	0.00000	0.00000	-0.00000	0.00000	0.00000	0.00029	0.00000	0.00000
22478	F	J	Chr2	6002969	-0.00268	0.00000	0.00000	-0.00007	0.00000	0.00000	0.00588	0.00000	0.00000	0.00149	0.00000	0.00000
22507	F	J	Chr2	6040066	0.00100	0.00000	0.00000	0.00011	0.00000	0.00000	0.00011	0.00000	0.00000	0.00114	0.00000	0.00000
22515	F	J	Chr2	6043984	-0.00000	0.00000	0.00000	-0.00000	0.00000	0.00000	-0.00000	0.00000	0.00000	0.00028	0.00000	0.00000
22516	F	J	Chr2	6044016	-0.00000	0.00000	0.00000	-0.00000	0.00000	0.00000	-0.00000	0.00000	0.00000	0.00027	0.00000	0.00000
22540	F	J	Chr2	6066681	-0.01154	0.00000	0.00000	-0.01062	0.00000	0.00000	-0.01055	0.00000	0.00000	0.00582	0.00000	0.00000
22617	F	J	Chr2	6151807	-0.00000	0.00000	0.00000	-0.00000	0.00000	0.00000	-0.00000	0.00000	0.00000	0.00029	0.00000	0.00000
22642	F	J	Chr2	6175913	-0.00000	0.00000	0.00000	-0.00000	0.00000	0.00000	-0.00000	0.00000	0.00000	0.00030	0.00000	0.00000
22707	F	J	Chr2	6287359	0.00100	0.00000	0.00000	0.00011	0.00000	0.00000	0.00011	0.00000	0.00000	0.00114	0.00000	0.00000
22784	F	J	Chr2	6408211	-0.02551	0.00000	0.00000	-0.00901	0.00000	0.00000	-0.00949	0.00000	0.00000	0.00431	0.00000	0.00000
22793	F	J	Chr2	6426537	-0.00000	0.00000	0.00000	-0.00000	0.00000	0.00000	-0.00000	0.00000	0.00000	0.00025	0.00000	0.00000
22843	F	J	Chr2	6494377	0.05665	0.00000	0.00000	0.00472	0.00000	0.00000	0.01015	0.00000	0.00000	0.00146	0.00000	0.00000
22891	F	J	Chr2	6548601	-0.01579	0.00000	0.00000	-0.00127	0.00000	0.00000	0.00157	0.00000	0.00000	0.00144	0.00000	0.00000
22897	F	J	Chr2	6556135	-0.01769	0.00000	0.00000	-0.00146	0.00000	0.00000	-0.00427	0.00000	0.00000	0.00192	0.00000	0.00000
22910	F	J	Chr2	6582039	-0.00000	0.00000	0.00000	-0.00000	0.00000	0.00000	-0.00000	0.00000	0.00000	0.00028	0.00000	0.00000
22919	F	J	Chr2	6600738	-0.00000	0.00000	0.00000	-0.00000	0.00000	0.00000	-0.00000	0.00000	0.00000	0.00030	0.00000	0.00000
22968	F	J	Chr2	6649730	-0.02564	0.00000	0.00000	-0.01562	0.00000	0.00000	-0.01562	0.00000	0.00000	0.00434	0.00000	0.00000
22969	F	J	Chr2	6649865	0.00137	0.00000	0.00000	0.00004	0.00000	0.00000	0.00276	0.00000	0.00000	0.00087	0.00000	0.00000
23016	F	J	Chr2	6709248	-0.01919	0.00000	0.00000	-0.00264	0.00000	0.00000	0.00031	0.00000	0.00000	0.00183	0.00000	0.00000
23040	F	J	Chr2	6723357	-0.00000	0.00000	0.00000	-0.00000	0.00000	0.00000	-0.00000	0.00000	0.00000	0.00030	0.00000	0.00000
23041	F	J	Chr2	6723360	-0.00000	0.00000	0.00000	-0.00000	0.00000	0.00000	-0.00000	0.00000	0.00000	0.00029	0.00000	0.00000
23046	F	J	Chr2	6725067	-0.00126	0.00000	0.00000	-0.00033	0.00000	0.00000	-0.00238	0.00000	0.00000	0.00284	0.00000	0.00000
23087	F	J	Chr2	6772267	-0.02547	0.00000	0.00000	-0.02089	0.00000	0.00000	-0.00824	0.00000	0.00000	0.00654	0.00000	0.00000
23130	F	J	Chr2	6854116	0.05128	0.00000	0.00000	0.00414	0.00000	0.00000	0.00414	0.00000	0.00000	0.00091	0.00000	0.00000
23241	F	J	Chr2	7004378	-0.02416	0.00000	0.00000	-0.00803	0.00000	0.00000	-0.01118	0.00000	0.00000	0.00318	0.00000	0.00000
23296	F	J	Chr2	7048390	-0.00130	0.00000	0.00000	-0.00003	0.00000	0.00000	0.00003	0.00000	0.00000	0.00084	0.00000	0.00000
23325	F	J	Chr2	7115778	-0.00501	0.00000	0.00000	-0.00315	0.00000	0.00000	-0.00507	0.00000	0.00000	0.00498	0.00000	0.00000
23348	F	J	Chr2	7145919	0.00137	0.00000	0.00000	0.00004	0.00000	0.00000	0.00276	0.00000	0.00000	0.00090	0.00000	0.00000
23379	F	J	Chr2	7192926	0.05137	0.00000	0.00000	0.00449	0.00000	0.00000	0.00488	0.00000	0.00000	0.00208	0.00000	0.00000
23401	F	J	Chr2	7221288	-0.00000	0.00000	0.00000	-0.00000	0.00000	0.00000	-0.00000	0.00000	0.00000	0.00029	0.00000	0.00000
23444	F	J	Chr2	7306681	-0.00000	0.00000	0.00000	-0.00000	0.00000	0.00000	-0.00000	0.00000	0.00000	0.00029	0.00000	0.00000
23455	F	J	Chr2	7321223	0.05128	0.00000	0.00000	0.00414	0.00000	0.00000	0.00414	0.00000	0.00000	0.00086	0.00000	0.00000
23519	F	J	Chr2	7410154	0.07003	0.00000	0.00000	0.01390	0.00000	0.00000	0.01390	0.00000	0.00000	0.00199	0.00000	0.00000
23530	F	J	Chr2	7419682	0.02564	0.00000	0.00000	0.00135	0.00000	0.00000	0.00135	0.00000	0.00000	0.00052	0.00000	0.00000
23542	F	J	Chr2	7432544	0.10256	0.00000	0.00000	0.01444	0.00000	0.00000	0.01444	0.00000	0.00000	0.00146	0.00000	0.00000
23553	F	J	Chr2	7440519	-0.02564	0.00000	0.00000	-0.00415	0.00000	0.00000	-0.00415	0.00000	0.00000	0.00155	0.00000	0.00000
23582	F	J	Chr2	7465974	-0.00764	0.00000	0.00000	-0.00712	0.00000	0.00000	-0.00572	0.00000	0.00000	0.00649	0.00000	0.00000
23619	F	J	Chr2	7560922	-0.00733	0.00000	0.00000	-0.00119	0.00000	0.00000	-0.00119	0.00000	0.00000	0.00162	0.00000	0.00000
23675	F	J	Chr2	7642416	-0.02244	0.00000	0.00000	-0.00564	0.00000	0.00000	-0.00564	0.00000	0.00000	0.00237	0.00000	0.00000
23689	F	J	Chr2	7662542	-0.00000	0.00000	0.00000	-0.00000	0.00000	0.00000	-0.00000	0.00000	0.00000	0.00028	0.00000	0.00000
23713	F	J	Chr2	7699699	0.04633	0.00000	0.00000	0.04024	0.00000	0.00000	0.03638	0.00000	0.00000	0.00614	0.00000	0.00000
23792	F	J	Chr2	7782120	-0.00000	0.00000	0.00000	-0.00000	0.00000	0.00000	-0.00000	0.00000	0.00000	0.00028	0.00000	0.00000
23856	F	J	Chr2	7860271	-0.00000	0.00000	0.00000	-0.00000	0.00000	0.00000	-0.00000	0.00000	0.00000	0.00029	0.00000	0.00000
23860	F	J	Chr2	7864170	-0.00000	0.00000	0.00000	-0.00000	0.00000	0.00000	-0.00000	0.00000	0.00000	0.00027	0.00000	0.00000
24018	F	J	Chr2	8055568	-0.02564	0.00000	0.00000	-0.00132	0.00000	0.00000	-0.00132	0.00000	0.00000	0.00058	0.00000	0.00000
24028	F	J	Chr2	8069167	-0.00000	0.00000	0.00000	-0.00000	0.00000	0.00000	-0.00000	0.00000	0.00000	0.00029	0.00000	0.00000
24033	F	J	Chr2	8069951	-0.00000	0.00000	0.00000	-0.00000	0.00000	0.00000	-0.00000	0.00000	0.00000	0.00030	0.00000	0.00000
24062	F	J	Chr2	8106799	-0.00606	0.00000	0.00000	-0.00593	0.00000	0.00000	-0.00234	0.00000	0.00000	0.00601	0.00000	0.00000
24092	F	J	Chr2	8118865	0.00000	0.00000	0.00000	0.00000	0.00000	0.00000	0.00276	0.00000	0.00000	0.00091	0.00000	0.00000
24101	F	J	Chr2	8123869	-0.02950	0.00000	0.00000	-0.03039	0.00000	0.00000	-0.03813	0.00000	0.00000	0.00747	0.00000	0.00000
24113	F	J	Chr2	8136508	-0.00144	0.00000	0.00000	-0.00004	0.00000	0.00000	-0.00269	0.00000	0.00000	0.00193	0.00000	0.00000
24128	F	J	Chr2	8147959	-0.00000	0.00000	0.00000	-0.00000	0.00000	0.00000	-0.00000	0.00000	0.00000	0.00029	0.00000	0.00000
24168	F	J	Chr2	8192293	-0.02703	0.00000	0.00000	-0.00300	0.00000	0.00000	-0.00585	0.00000	0.00000	0.00203	0.00000	0.00000
24207	F	J	Chr2	8223973	-0.00130	0.00000	0.00000	-0.00003	0.00000	0.00000	0.00003	0.00000	0.00000	0.00089	0.00000	0.00000
24217	F	J	Chr2	8235748	-0.02002	0.00000	0.00000	-0.01709	0.00000	0.00000	-0.01709	0.00000	0.00000	0.00554	0.00000	0.00000
24250	F	J	Chr2	8280007	-0.00000	0.00000	0.00000	-0.00000	0.00000	0.00000	-0.00000	0.00000	0.00000	0.00030	0.00000	0.00000
24254	F	J	Chr2	8281342	-0.00000	0.00000	0.00000	-0.00000	0.00000	0.00000	-0.00000	0.00000	0.00000	0.00030	0.00000	0.00000
24272	F	J	Chr2	8302258	-0.00000	0.00000	0.00000	-0.00000	0.00000	0.00000	-0.00000	0.00000	0.00000	0.00028	0.00000	0.00000
24277	F	J	Chr2	8308603	0.01274	0.00000	0.00000	0.00905	0.00000	0.00000	0.00905	0.00000	0.00000	0.00495	0.00000	0.00000
24353	F	J	Chr2	8433441	0.00137	0.00000	0.00000	0.00004	0.00000	0.00000	0.00276	0.00000	0.00000	0.00090	0.00000	0.00000
24358	F	J	Chr2	8435269	-0.00000	0.00000	0.00000	-0.00000	0.00000	0.00000	-0.00000	0.00000	0.00000	0.00028	0.00000	0.00000
24394	F	J	Chr2	8488698	0.00297	0.00000	0.00000	0.00008	0.00000	0.00000	0.01159	0.00000	0.00000	0.00143	0.00000	0.00000
24395	F	J	Chr2	8491978	0.00171	0.00000	0.00000	0.00005	0.00000	0.00000	0.00541	0.00000	0.00000	0.00150	0.00000	0.00000
24416	F	J	Chr2	8548688	-0.00000	0.00000	0.00000	-0.00000	0.00000	0.00000	-0.00000	0.00000	0.00000	0.00030	0.00000	0.00000
24452	F	J	Chr2	8595591	-0.02866	0.00000	0.00000	-0.01854	0.00000	0.00000	-0.00897	0.00000	0.00000	0.00584	0.00000	0.00000
24460	F	J	Chr2	8598469	0.05128	0.00000	0.00000	0.00414	0.00000	0.00000	0.00414	0.00000	0.00000	0.00090	0.00000	0.00000
24480	F	J	Chr2	8628767	0.02564	0.00000	0.00000	0.00135	0.00000	0.00000	0.00135	0.00000	0.00000	0.00061	0.00000	0.00000
24489	F	J	Chr2	8637521	-0.01563	0.00000	0.00000	-0.00542	0.00000	0.00000	-0.00542	0.00000	0.00000	0.00304	0.00000	0.00000
24504	F	J	Chr2	8652610	-0.00000	0.00000	0.00000	-0.00000	0.00000	0.00000	-0.00000	0.00000	0.00000	0.00028	0.00000	0.00000
24567	F	J	Chr2	8744725	-0.01149	0.00000	0.00000	-0.00255	0.00000	0.00000	-0.00255	0.00000	0.00000	0.00218	0.00000	0.00000
24673	F	J	Chr2	8888446	-0.00000	0.00000	0.00000	-0.00000	0.00000	0.00000	-0.00000	0.00000	0.00000	0.00028	0.00000	0.00000
24704	F	J	Chr2	8912250	0.00000	0.00000	0.00000	0.00000	0.00000	0.00000	-0.00004	0.00000	0.00000	0.00088	0.00000	0.00000
24708	F	J	Chr2	8916124	0.02564	0.00000	0.00000	0.00135	0.00000	0.00000	0.00135	0.00000	0.00000	0.00059	0.00000	0.00000
24737	F	J	Chr2	8956842	-0.01611	0.00000	0.00000	-0.00235	0.00000	0.00000	0.01200	0.00000	0.00000	0.00253	0.00000	0.00000
24773	F	J	Chr2	8995235	-0.00000	0.00000	0.00000	-0.00000	0.00000	0.00000	-0.00000	0.00000	0.00000	0.00030	0.00000	0.00000
24785	F	J	Chr2	9001003	-0.00000	0.00000	0.00000	-0.00000	0.00000	0.00000	-0.00000	0.00000	0.00000	0.00029	0.00000	0.00000
24790	F	J	Chr2	9002186	-0.00000	0.00000	0.00000	-0.00000	0.00000	0.00000	-0.00000	0.00000	0.00000	0.00030	0.00000	0.00000
24803	F	J	Chr2	9014019	-0.00000	0.00000	0.00000	-0.00000	0.00000	0.00000	-0.00000	0.00000	0.00000	0.00030	0.00000	0.00000
24822	F	J	Chr2	9039605	-0.02195	0.00000	0.00000	-0.01971	0.00000	0.00000	-0.01652	0.00000	0.00000	0.00601	0.00000	0.00000
24874	F	J	Chr2	9088891	-0.02017	0.00000	0.00000	-0.00852	0.00000	0.00000	-0.00888	0.00000	0.00000	0.00374	0.00000	0.00000
24887	F	J	Chr2	9110815	-0.00000	0.00000	0.00000	-0.00000	0.00000	0.00000	-0.00000	0.00000	0.00000	0.00030	0.00000	0.00000
24913	F	J	Chr2	9173623	-0.02540	0.00000	0.00000	-0.00513	0.00000	0.00000	0.00256	0.00000	0.00000	0.00304	0.00000	0.00000
24961	F	J	Chr2	9226234	-0.00000	0.00000	0.00000	-0.00000	0.00000	0.00000	-0.00000	0.00000	0.00000	0.00030	0.00000	0.00000
24991	F	J	Chr2	9258372	-0.00000	0.00000	0.00000	-0.00000	0.00000	0.00000	-0.00000	0.00000	0.00000	0.00029	0.00000	0.00000
25013	F	J	Chr2	9286586	-0.02653	0.00000	0.00000	-0.01622	0.00000	0.00000	-0.00447	0.00000	0.00000	0.00566	0.00000	0.00000
25076	F	J	Chr2	9342736	-0.02434	0.00000	0.00000	-0.02419	0.00000	0.00000	-0.02419	0.00000	0.00000	0.00584	0.00000	0.00000
25151	F	J	Chr2	9460279	-0.00000	0.00000	0.00000	-0.00000	0.00000	0.00000	-0.00000	0.00000	0.00000	0.00026	0.00000	0.00000
25158	F	J	Chr2	9464752	0.00152	0.00000	0.00000	0.00004	0.00000	0.00000	0.01159	0.00000	0.00000	0.00154	0.00000	0.00000
25160	F	J	Chr2	9465583	-0.00000	0.00000	0.00000	-0.00000	0.00000	0.00000	-0.00000	0.00000	0.00000	0.00029	0.00000	0.00000
25180	F	J	Chr2	9520030	-0.01680	0.00000	0.00000	-0.00131	0.00000	0.00000	-0.00131	0.00000	0.00000	0.00088	0.00000	0.00000
25204	F	J	Chr2	9549786	-0.00000	0.00000	0.00000	-0.00000	0.00000	0.00000	-0.00000	0.00000	0.00000	0.00029	0.00000	0.00000
25250	F	J	Chr2	9580785	0.02564	0.00000	0.00000	0.00135	0.00000	0.00000	0.00135	0.00000	0.00000	0.00059	0.00000	0.00000
25337	F	J	Chr2	9675655	-0.00000	0.00000	0.00000	-0.00000	0.00000	0.00000	-0.00000	0.00000	0.00000	0.00027	0.00000	0.00000
25484	F	J	Chr2	9876641	-0.00000	0.00000	0.00000	-0.00000	0.00000	0.00000	-0.00000	0.00000	0.00000	0.00029	0.00000	0.00000
25654	F	J	Chr2	10126511	-0.00000	0.00000	0.00000	-0.00000	0.00000	0.00000	-0.00000	0.00000	0.00000	0.00029	0.00000	0.00000
25670	F	J	Chr2	10145594	-0.00000	0.00000	0.00000	-0.00000	0.00000	0.00000	-0.00000	0.00000	0.00000	0.00028	0.00000	0.00000
25674	F	J	Chr2	10145872	-0.00130	0.00000	0.00000	-0.00003	0.00000	0.00000	0.00003	0.00000	0.00000	0.00089	0.00000	0.00000
25714	F	J	Chr2	10183919	-0.02564	0.00000	0.00000	-0.00270	0.00000	0.00000	-0.00270	0.00000	0.00000	0.00117	0.00000	0.00000
25807	F	J	Chr2	10288250	0.00297	0.00000	0.00000	0.00008	0.00000	0.00000	0.01159	0.00000	0.00000	0.00142	0.00000	0.00000
25848	F	J	Chr2	10350209	0.11179	0.00000	0.00000	0.01629	0.00000	0.00000	0.02426	0.00000	0.00000	0.00208	0.00000	0.00000
25854	F	J	Chr2	10367248	-0.00000	0.00000	0.00000	-0.00000	0.00000	0.00000	-0.00000	0.00000	0.00000	0.00028	0.00000	0.00000
25917	F	J	Chr2	10443288	0.02903	0.00000	0.00000	0.00157	0.00000	0.00000	0.00567	0.00000	0.00000	0.00115	0.00000	0.00000
25947	F	J	Chr2	10506100	-0.02373	0.00000	0.00000	-0.01210	0.00000	0.00000	-0.01210	0.00000	0.00000	0.00393	0.00000	0.00000
25977	F	J	Chr2	10535601	-0.00000	0.00000	0.00000	-0.00000	0.00000	0.00000	-0.00000	0.00000	0.00000	0.00030	0.00000	0.00000
25980	F	J	Chr2	10543419	-0.00000	0.00000	0.00000	-0.00000	0.00000	0.00000	-0.00000	0.00000	0.00000	0.00029	0.00000	0.00000
25981	F	J	Chr2	10544816	-0.00000	0.00000	0.00000	-0.00000	0.00000	0.00000	-0.00000	0.00000	0.00000	0.00029	0.00000	0.00000
26083	F	J	Chr2	10712310	0.02478	0.00000	0.00000	0.02421	0.00000	0.00000	0.02372	0.00000	0.00000	0.00615	0.00000	0.00000
26186	F	J	Chr2	10838173	0.09184	0.00000	0.00000	0.04887	0.00000	0.00000	0.03800	0.00000	0.00000	0.00521	0.00000	0.00000
26217	F	J	Chr2	10875715	-0.00462	0.00000	0.00000	-0.00014	0.00000	0.00000	0.01763	0.00000	0.00000	0.00307	0.00000	0.00000
26326	F	J	Chr2	10996856	-0.00000	0.00000	0.00000	-0.00000	0.00000	0.00000	-0.00000	0.00000	0.00000	0.00029	0.00000	0.00000
26388	F	J	Chr2	11070524	-0.00000	0.00000	0.00000	-0.00000	0.00000	0.00000	-0.00000	0.00000	0.00000	0.00028	0.00000	0.00000
26605	F	J	Chr2	11421670	-0.00000	0.00000	0.00000	-0.00000	0.00000	0.00000	-0.00000	0.00000	0.00000	0.00030	0.00000	0.00000
26657	F	J	Chr2	11509998	-0.00130	0.00000	0.00000	-0.00003	0.00000	0.00000	-0.00000	0.00000	0.00000	0.00030	0.00000	0.00000
26714	F	J	Chr2	11578210	-0.02111	0.00000	0.00000	-0.01035	0.00000	0.00000	-0.01053	0.00000	0.00000	0.00382	0.00000	0.00000
26840	F	J	Chr2	11729014	-0.00000	0.00000	0.00000	-0.00000	0.00000	0.00000	-0.00000	0.00000	0.00000	0.00029	0.00000	0.00000
26861	F	J	Chr2	11757677	-0.00000	0.00000	0.00000	-0.00000	0.00000	0.00000	-0.00000	0.00000	0.00000	0.00029	0.00000	0.00000
26874	F	J	Chr2	11774662	-0.00000	0.00000	0.00000	-0.00000	0.00000	0.00000	-0.00000	0.00000	0.00000	0.00030	0.00000	0.00000
26908	F	J	Chr2	11811151	0.07684	0.00000	0.00000	0.07406	0.00000	0.00000	0.07944	0.00000	0.00000	0.00642	0.00000	0.00000
26967	F	J	Chr2	11855403	0.04376	0.00000	0.00000	0.00380	0.00000	0.00000	0.01482	0.00000	0.00000	0.00234	0.00000	0.00000
26987	F	J	Chr2	11875156	-0.02564	0.00000	0.00000	-0.01392	0.00000	0.00000	-0.01392	0.00000	0.00000	0.00419	0.00000	0.00000
26988	F	J	Chr2	11875159	-0.02513	0.00000	0.00000	-0.01533	0.00000	0.00000	-0.01886	0.00000	0.00000	0.00514	0.00000	0.00000
26998	F	J	Chr2	11891970	-0.01024	0.00000	0.00000	-0.00171	0.00000	0.00000	-0.00268	0.00000	0.00000	0.00212	0.00000	0.00000
27062	F	J	Chr2	11983723	0.00391	0.00000	0.00000	0.00043	0.00000	0.00000	0.00463	0.00000	0.00000	0.00170	0.00000	0.00000
27080	F	J	Chr2	12003909	0.00137	0.00000	0.00000	0.00004	0.00000	0.00000	0.00276	0.00000	0.00000	0.00087	0.00000	0.00000
27139	F	J	Chr2	12063514	-0.01955	0.00000	0.00000	-0.01444	0.00000	0.00000	-0.01444	0.00000	0.00000	0.00477	0.00000	0.00000
27175	F	J	Chr2	12128553	-0.00130	0.00000	0.00000	-0.00003	0.00000	0.00000	0.00003	0.00000	0.00000	0.00087	0.00000	0.00000
27197	F	J	Chr2	12159652	-0.01097	0.00000	0.00000	-0.00097	0.00000	0.00000	0.05170	0.00000	0.00000	0.00310	0.00000	0.00000
27221	F	J	Chr2	12176125	-0.01579	0.00000	0.00000	-0.00127	0.00000	0.00000	0.00157	0.00000	0.00000	0.00139	0.00000	0.00000
27235	F	J	Chr2	12182517	0.02181	0.00000	0.00000	0.00120	0.00000	0.00000	0.00463	0.00000	0.00000	0.00174	0.00000	0.00000
27301	F	J	Chr2	12236518	-0.01680	0.00000	0.00000	-0.00131	0.00000	0.00000	-0.00131	0.00000	0.00000	0.00084	0.00000	0.00000
27327	F	J	Chr2	12266089	0.02564	0.00000	0.00000	0.00135	0.00000	0.00000	0.00135	0.00000	0.00000	0.00059	0.00000	0.00000
27330	F	J	Chr2	12266363	-0.00000	0.00000	0.00000	-0.00000	0.00000	0.00000	-0.00000	0.00000	0.00000	0.00030	0.00000	0.00000
27334	F	J	Chr2	12267800	-0.00000	0.00000	0.00000	-0.00000	0.00000	0.00000	-0.00000	0.00000	0.00000	0.00030	0.00000	0.00000
27385	F	J	Chr2	12328728	-0.00000	0.00000	0.00000	-0.00000	0.00000	0.00000	-0.00000	0.00000	0.00000	0.00029	0.00000	0.00000
27397	F	J	Chr2	12337419	-0.02626	0.00000	0.00000	-0.00284	0.00000	0.00000	-0.00127	0.00000	0.00000	0.00167	0.00000	0.00000
27433	F	J	Chr2	12368827	-0.00000	0.00000	0.00000	-0.00000	0.00000	0.00000	-0.00000	0.00000	0.00000	0.00027	0.00000	0.00000
27467	F	J	Chr2	12416100	-0.00000	0.00000	0.00000	-0.00000	0.00000	0.00000	-0.00000	0.00000	0.00000	0.00030	0.00000	0.00000
27478	F	J	Chr2	12428259	-0.00130	0.00000	0.00000	-0.00003	0.00000	0.00000	0.00003	0.00000	0.00000	0.00077	0.00000	0.00000
27527	F	J	Chr2	12459163	-0.02564	0.00000	0.00000	-0.00132	0.00000	0.00000	-0.00132	0.00000	0.00000	0.00057	0.00000	0.00000
27548	F	J	Chr2	12477220	0.00335	0.00000	0.00000	0.00183	0.00000	0.00000	0.00183	0.00000	0.00000	0.00415	0.00000	0.00000
27597	F	J	Chr2	12527769	-0.00000	0.00000	0.00000	-0.00000	0.00000	0.00000	-0.00000	0.00000	0.00000	0.00031	0.00000	0.00000
27611	F	J	Chr2	12537047	-0.00000	0.00000	0.00000	-0.00000	0.00000	0.00000	-0.00000	0.00000	0.00000	0.00027	0.00000	0.00000
27645	F	J	Chr2	12568289	-0.01010	0.00000	0.00000	-0.00618	0.00000	0.00000	-0.00970	0.00000	0.00000	0.00530	0.00000	0.00000
27667	F	J	Chr2	12588020	-0.00320	0.00000	0.00000	-0.00169	0.00000	0.00000	0.00396	0.00000	0.00000	0.00444	0.00000	0.00000
27706	F	J	Chr2	12633374	0.02564	0.00000	0.00000	0.00135	0.00000	0.00000	0.00135	0.00000	0.00000	0.00059	0.00000	0.00000
27714	F	J	Chr2	12636567	-0.02564	0.00000	0.00000	-0.00132	0.00000	0.00000	-0.00132	0.00000	0.00000	0.00059	0.00000	0.00000
27743	F	J	Chr2	12672549	0.00000	0.00000	0.00000	0.00000	0.00000	0.00000	-0.00004	0.00000	0.00000	0.00092	0.00000	0.00000
27849	F	J	Chr2	12787832	-0.02564	0.00000	0.00000	-0.00132	0.00000	0.00000	-0.00132	0.00000	0.00000	0.00059	0.00000	0.00000
27860	F	J	Chr2	12795273	-0.01858	0.00000	0.00000	-0.00149	0.00000	0.00000	-0.00131	0.00000	0.00000	0.00134	0.00000	0.00000
27885	F	J	Chr2	12818479	-0.00000	0.00000	0.00000	-0.00000	0.00000	0.00000	-0.00000	0.00000	0.00000	0.00030	0.00000	0.00000
27926	F	J	Chr2	12872522	-0.02564	0.00000	0.00000	-0.00415	0.00000	0.00000	-0.00415	0.00000	0.00000	0.00161	0.00000	0.00000
27968	F	J	Chr2	12913041	-0.00130	0.00000	0.00000	-0.00003	0.00000	0.00000	0.00003	0.00000	0.00000	0.00087	0.00000	0.00000
27969	F	J	Chr2	12913044	-0.02703	0.00000	0.00000	-0.01742	0.00000	0.00000	-0.01560	0.00000	0.00000	0.00485	0.00000	0.00000
27985	F	J	Chr2	12921120	-0.00448	0.00000	0.00000	-0.00080	0.00000	0.00000	0.00105	0.00000	0.00000	0.00332	0.00000	0.00000
28041	F	J	Chr2	12952722	-0.00000	0.00000	0.00000	-0.00000	0.00000	0.00000	-0.00000	0.00000	0.00000	0.00029	0.00000	0.00000
28051	F	J	Chr2	12969432	-0.00000	0.00000	0.00000	-0.00000	0.00000	0.00000	-0.00000	0.00000	0.00000	0.00030	0.00000	0.00000
28158	F	J	Chr2	13061304	-0.02618	0.00000	0.00000	-0.00594	0.00000	0.00000	-0.00415	0.00000	0.00000	0.00255	0.00000	0.00000
28186	F	J	Chr2	13082871	-0.00000	0.00000	0.00000	-0.00000	0.00000	0.00000	-0.00000	0.00000	0.00000	0.00030	0.00000	0.00000
28241	F	J	Chr2	13143306	0.00285	0.00000	0.00000	0.00072	0.00000	0.00000	0.00072	0.00000	0.00000	0.00229	0.00000	0.00000
28243	F	J	Chr2	13144740	-0.00000	0.00000	0.00000	-0.00000	0.00000	0.00000	-0.00000	0.00000	0.00000	0.00029	0.00000	0.00000
28263	F	J	Chr2	13179283	-0.02630	0.00000	0.00000	-0.00139	0.00000	0.00000	-0.00139	0.00000	0.00000	0.00060	0.00000	0.00000
28267	F	J	Chr2	13182391	-0.01680	0.00000	0.00000	-0.00131	0.00000	0.00000	-0.00131	0.00000	0.00000	0.00084	0.00000	0.00000
28278	F	J	Chr2	13202109	-0.00000	0.00000	0.00000	-0.00000	0.00000	0.00000	-0.00000	0.00000	0.00000	0.00030	0.00000	0.00000
28322	F	J	Chr2	13258604	-0.01997	0.00000	0.00000	-0.00803	0.00000	0.00000	-0.00815	0.00000	0.00000	0.00317	0.00000	0.00000
28374	F	J	Chr2	13327588	-0.00000	0.00000	0.00000	-0.00000	0.00000	0.00000	-0.00000	0.00000	0.00000	0.00030	0.00000	0.00000
28397	F	J	Chr2	13351346	-0.00000	0.00000	0.00000	-0.00000	0.00000	0.00000	-0.00000	0.00000	0.00000	0.00030	0.00000	0.00000
28461	F	J	Chr2	13429995	0.02564	0.00000	0.00000	0.00135	0.00000	0.00000	0.00135	0.00000	0.00000	0.00058	0.00000	0.00000
28553	F	J	Chr2	13595945	-0.01416	0.00000	0.00000	-0.01451	0.00000	0.00000	-0.01451	0.00000	0.00000	0.00596	0.00000	0.00000
28564	F	J	Chr2	13616572	-0.02564	0.00000	0.00000	-0.00132	0.00000	0.00000	-0.00132	0.00000	0.00000	0.00056	0.00000	0.00000
28595	F	J	Chr2	13661557	-0.00415	0.00000	0.00000	-0.00011	0.00000	0.00000	0.01834	0.00000	0.00000	0.00192	0.00000	0.00000
28604	F	J	Chr2	13666602	0.00137	0.00000	0.00000	0.00004	0.00000	0.00000	0.00276	0.00000	0.00000	0.00087	0.00000	0.00000
28607	F	J	Chr2	13667548	-0.01858	0.00000	0.00000	-0.00149	0.00000	0.00000	-0.00131	0.00000	0.00000	0.00134	0.00000	0.00000
28608	F	J	Chr2	13667553	-0.02143	0.00000	0.00000	-0.02154	0.00000	0.00000	-0.01889	0.00000	0.00000	0.00618	0.00000	0.00000
28613	F	J	Chr2	13669314	0.04571	0.00000	0.00000	0.00762	0.00000	0.00000	0.00762	0.00000	0.00000	0.00161	0.00000	0.00000
28658	F	J	Chr2	13779401	0.02564	0.00000	0.00000	0.00135	0.00000	0.00000	0.00135	0.00000	0.00000	0.00059	0.00000	0.00000
28668	F	J	Chr2	13801660	-0.00000	0.00000	0.00000	-0.00000	0.00000	0.00000	-0.00000	0.00000	0.00000	0.00029	0.00000	0.00000
28669	F	J	Chr2	13801663	-0.02564	0.00000	0.00000	-0.00270	0.00000	0.00000	-0.00270	0.00000	0.00000	0.00113	0.00000	0.00000
28692	F	J	Chr2	13851008	-0.01616	0.00000	0.00000	-0.01351	0.00000	0.00000	-0.00555	0.00000	0.00000	0.00600	0.00000	0.00000
28740	F	J	Chr2	13964857	-0.00000	0.00000	0.00000	-0.00000	0.00000	0.00000	-0.00000	0.00000	0.00000	0.00029	0.00000	0.00000
28741	F	J	Chr2	13971805	-0.00000	0.00000	0.00000	-0.00000	0.00000	0.00000	-0.00000	0.00000	0.00000	0.00030	0.00000	0.00000
28776	F	J	Chr2	14025769	-0.02622	0.00000	0.00000	-0.00436	0.00000	0.00000	-0.00268	0.00000	0.00000	0.00214	0.00000	0.00000
28827	F	J	Chr2	14093145	-0.00000	0.00000	0.00000	-0.00000	0.00000	0.00000	-0.00000	0.00000	0.00000	0.00029	0.00000	0.00000
28855	F	J	Chr2	14115443	-0.01579	0.00000	0.00000	-0.00127	0.00000	0.00000	-0.00131	0.00000	0.00000	0.00089	0.00000	0.00000
28898	F	J	Chr2	14178269	-0.00000	0.00000	0.00000	-0.00000	0.00000	0.00000	-0.00000	0.00000	0.00000	0.00028	0.00000	0.00000
28970	F	J	Chr2	14242603	-0.00000	0.00000	0.00000	-0.00000	0.00000	0.00000	-0.00000	0.00000	0.00000	0.00029	0.00000	0.00000
29011	F	J	Chr2	14290211	-0.02564	0.00000	0.00000	-0.00132	0.00000	0.00000	-0.00132	0.00000	0.00000	0.00057	0.00000	0.00000
29043	F	J	Chr2	14334422	-0.00000	0.00000	0.00000	-0.00000	0.00000	0.00000	-0.00000	0.00000	0.00000	0.00029	0.00000	0.00000
29048	F	J	Chr2	14341995	0.00297	0.00000	0.00000	0.00008	0.00000	0.00000	-0.00000	0.00000	0.00000	0.00032	0.00000	0.00000
29054	F	J	Chr2	14345093	-0.02630	0.00000	0.00000	-0.00139	0.00000	0.00000	0.00007	0.00000	0.00000	0.00118	0.00000	0.00000
29107	F	J	Chr2	14425756	-0.00000	0.00000	0.00000	-0.00000	0.00000	0.00000	-0.00000	0.00000	0.00000	0.00025	0.00000	0.00000
29129	F	J	Chr2	14452051	-0.00000	0.00000	0.00000	-0.00000	0.00000	0.00000	-0.00000	0.00000	0.00000	0.00029	0.00000	0.00000
29146	F	J	Chr2	14480646	0.00100	0.00000	0.00000	0.00011	0.00000	0.00000	0.00011	0.00000	0.00000	0.00120	0.00000	0.00000
29161	F	J	Chr2	14491208	-0.02767	0.00000	0.00000	-0.00487	0.00000	0.00000	-0.00590	0.00000	0.00000	0.00313	0.00000	0.00000
29165	F	J	Chr2	14493747	0.00000	0.00000	0.00000	0.00000	0.00000	0.00000	-0.00274	0.00000	0.00000	0.00139	0.00000	0.00000
29167	F	J	Chr2	14493916	0.02564	0.00000	0.00000	0.00135	0.00000	0.00000	0.00135	0.00000	0.00000	0.00059	0.00000	0.00000
29179	F	J	Chr2	14512528	0.02703	0.00000	0.00000	0.00150	0.00000	0.00000	0.00567	0.00000	0.00000	0.00121	0.00000	0.00000
29192	F	J	Chr2	14529091	0.02376	0.00000	0.00000	0.00341	0.00000	0.00000	0.00053	0.00000	0.00000	0.00248	0.00000	0.00000
29224	F	J	Chr2	14551552	0.00137	0.00000	0.00000	0.00004	0.00000	0.00000	0.00276	0.00000	0.00000	0.00085	0.00000	0.00000
29256	F	J	Chr2	14572865	-0.00000	0.00000	0.00000	-0.00000	0.00000	0.00000	-0.00000	0.00000	0.00000	0.00028	0.00000	0.00000
29257	F	J	Chr2	14573160	-0.00200	0.00000	0.00000	-0.00119	0.00000	0.00000	-0.00163	0.00000	0.00000	0.00573	0.00000	0.00000
29267	F	J	Chr2	14584577	-0.02585	0.00000	0.00000	-0.01532	0.00000	0.00000	-0.01408	0.00000	0.00000	0.00453	0.00000	0.00000
29316	F	J	Chr2	14624231	-0.02630	0.00000	0.00000	-0.00139	0.00000	0.00000	-0.00139	0.00000	0.00000	0.00059	0.00000	0.00000
29341	F	J	Chr2	14664579	-0.00000	0.00000	0.00000	-0.00000	0.00000	0.00000	-0.00000	0.00000	0.00000	0.00029	0.00000	0.00000
29360	F	J	Chr2	14682255	0.00285	0.00000	0.00000	0.00072	0.00000	0.00000	0.00072	0.00000	0.00000	0.00240	0.00000	0.00000
29368	F	J	Chr2	14685819	-0.00000	0.00000	0.00000	-0.00000	0.00000	0.00000	-0.00000	0.00000	0.00000	0.00029	0.00000	0.00000
29450	F	J	Chr2	14794920	-0.00000	0.00000	0.00000	-0.00000	0.00000	0.00000	-0.00000	0.00000	0.00000	0.00030	0.00000	0.00000
29451	F	J	Chr2	14795376	-0.00000	0.00000	0.00000	-0.00000	0.00000	0.00000	-0.00000	0.00000	0.00000	0.00027	0.00000	0.00000
29462	F	J	Chr2	14817538	-0.00000	0.00000	0.00000	-0.00000	0.00000	0.00000	-0.00000	0.00000	0.00000	0.00029	0.00000	0.00000
29468	F	J	Chr2	14824447	-0.00000	0.00000	0.00000	-0.00000	0.00000	0.00000	-0.00000	0.00000	0.00000	0.00030	0.00000	0.00000
29486	F	J	Chr2	14856260	-0.02060	0.00000	0.00000	-0.00405	0.00000	0.00000	-0.00101	0.00000	0.00000	0.00236	0.00000	0.00000
29489	F	J	Chr2	14859759	0.02564	0.00000	0.00000	0.00135	0.00000	0.00000	0.00135	0.00000	0.00000	0.00061	0.00000	0.00000
29545	F	J	Chr2	14923710	0.00100	0.00000	0.00000	0.00011	0.00000	0.00000	0.00011	0.00000	0.00000	0.00114	0.00000	0.00000
29552	F	J	Chr2	14930998	-0.00000	0.00000	0.00000	-0.00000	0.00000	0.00000	-0.00000	0.00000	0.00000	0.00030	0.00000	0.00000
29624	F	J	Chr2	15021990	0.02564	0.00000	0.00000	0.00135	0.00000	0.00000	0.00135	0.00000	0.00000	0.00057	0.00000	0.00000
29879	F	J	Chr2	15293172	-0.00733	0.00000	0.00000	-0.00119	0.00000	0.00000	-0.00119	0.00000	0.00000	0.00166	0.00000	0.00000
29943	F	J	Chr2	15367200	0.02903	0.00000	0.00000	0.00157	0.00000	0.00000	0.00150	0.00000	0.00000	0.00061	0.00000	0.00000
29945	F	J	Chr2	15367470	-0.00000	0.00000	0.00000	-0.00000	0.00000	0.00000	-0.00000	0.00000	0.00000	0.00027	0.00000	0.00000
29977	F	J	Chr2	15415657	0.02564	0.00000	0.00000	0.00135	0.00000	0.00000	0.00135	0.00000	0.00000	0.00057	0.00000	0.00000
29978	F	J	Chr2	15415660	-0.00000	0.00000	0.00000	-0.00000	0.00000	0.00000	-0.00000	0.00000	0.00000	0.00029	0.00000	0.00000
30025	F	J	Chr2	15494228	-0.00000	0.00000	0.00000	-0.00000	0.00000	0.00000	-0.00000	0.00000	0.00000	0.00029	0.00000	0.00000
30027	F	J	Chr2	15496873	-0.00000	0.00000	0.00000	-0.00000	0.00000	0.00000	-0.00000	0.00000	0.00000	0.00029	0.00000	0.00000
30051	F	J	Chr2	15508303	-0.00439	0.00000	0.00000	-0.00049	0.00000	0.00000	0.00350	0.00000	0.00000	0.00227	0.00000	0.00000
30063	F	J	Chr2	15515643	0.00137	0.00000	0.00000	0.00004	0.00000	0.00000	0.00276	0.00000	0.00000	0.00086	0.00000	0.00000
30139	F	J	Chr2	15568416	-0.00000	0.00000	0.00000	-0.00000	0.00000	0.00000	-0.00000	0.00000	0.00000	0.00030	0.00000	0.00000
30167	F	J	Chr2	15592445	0.00137	0.00000	0.00000	0.00004	0.00000	0.00000	-0.00000	0.00000	0.00000	0.00030	0.00000	0.00000
30231	F	J	Chr2	15640155	-0.00000	0.00000	0.00000	-0.00000	0.00000	0.00000	-0.00000	0.00000	0.00000	0.00030	0.00000	0.00000
30293	F	J	Chr2	15738364	-0.00000	0.00000	0.00000	-0.00000	0.00000	0.00000	-0.00000	0.00000	0.00000	0.00029	0.00000	0.00000
30427	F	J	Chr2	15907906	-0.00130	0.00000	0.00000	-0.00003	0.00000	0.00000	0.00003	0.00000	0.00000	0.00076	0.00000	0.00000
30466	F	J	Chr2	15963318	-0.02564	0.00000	0.00000	-0.00132	0.00000	0.00000	-0.00132	0.00000	0.00000	0.00056	0.00000	0.00000
30501	F	J	Chr2	15990470	-0.02564	0.00000	0.00000	-0.00132	0.00000	0.00000	-0.00132	0.00000	0.00000	0.00056	0.00000	0.00000
30508	F	J	Chr2	15996080	-0.00000	0.00000	0.00000	-0.00000	0.00000	0.00000	-0.00000	0.00000	0.00000	0.00030	0.00000	0.00000
30523	F	J	Chr2	16003750	0.00100	0.00000	0.00000	0.00011	0.00000	0.00000	0.00011	0.00000	0.00000	0.00108	0.00000	0.00000
30592	F	J	Chr2	16054996	-0.00000	0.00000	0.00000	-0.00000	0.00000	0.00000	-0.00000	0.00000	0.00000	0.00030	0.00000	0.00000
30613	F	J	Chr2	16072455	-0.00000	0.00000	0.00000	-0.00000	0.00000	0.00000	-0.00000	0.00000	0.00000	0.00029	0.00000	0.00000
30621	F	J	Chr2	16078260	0.00137	0.00000	0.00000	0.00004	0.00000	0.00000	0.00276	0.00000	0.00000	0.00087	0.00000	0.00000
30622	F	J	Chr2	16078263	-0.00000	0.00000	0.00000	-0.00000	0.00000	0.00000	-0.00000	0.00000	0.00000	0.00028	0.00000	0.00000
30691	F	J	Chr2	16128682	-0.00000	0.00000	0.00000	-0.00000	0.00000	0.00000	-0.00000	0.00000	0.00000	0.00027	0.00000	0.00000
30711	F	J	Chr2	16132793	-0.00000	0.00000	0.00000	-0.00000	0.00000	0.00000	-0.00000	0.00000	0.00000	0.00029	0.00000	0.00000
30723	F	J	Chr2	16133771	-0.02630	0.00000	0.00000	-0.00139	0.00000	0.00000	0.00007	0.00000	0.00000	0.00116	0.00000	0.00000
30727	F	J	Chr2	16141244	0.05604	0.00000	0.00000	0.01023	0.00000	0.00000	0.01481	0.00000	0.00000	0.00311	0.00000	0.00000
30770	F	J	Chr2	16182810	-0.00864	0.00000	0.00000	-0.00198	0.00000	0.00000	0.00240	0.00000	0.00000	0.00270	0.00000	0.00000
30790	F	J	Chr2	16192679	-0.00000	0.00000	0.00000	-0.00000	0.00000	0.00000	-0.00000	0.00000	0.00000	0.00029	0.00000	0.00000
30809	F	J	Chr2	16205698	0.00137	0.00000	0.00000	0.00004	0.00000	0.00000	-0.00000	0.00000	0.00000	0.00031	0.00000	0.00000
30810	F	J	Chr2	16206752	0.00000	0.00000	0.00000	0.00000	0.00000	0.00000	-0.00004	0.00000	0.00000	0.00088	0.00000	0.00000
30817	F	J	Chr2	16208348	-0.00000	0.00000	0.00000	-0.00000	0.00000	0.00000	-0.00000	0.00000	0.00000	0.00028	0.00000	0.00000
30826	F	J	Chr2	16218552	-0.00000	0.00000	0.00000	-0.00000	0.00000	0.00000	-0.00000	0.00000	0.00000	0.00028	0.00000	0.00000
30840	F	J	Chr2	16230547	-0.00000	0.00000	0.00000	-0.00000	0.00000	0.00000	-0.00000	0.00000	0.00000	0.00028	0.00000	0.00000
30847	F	J	Chr2	16241963	-0.00000	0.00000	0.00000	-0.00000	0.00000	0.00000	-0.00000	0.00000	0.00000	0.00030	0.00000	0.00000
30884	F	J	Chr2	16306476	-0.00000	0.00000	0.00000	-0.00000	0.00000	0.00000	-0.00000	0.00000	0.00000	0.00029	0.00000	0.00000
30907	F	J	Chr2	16341067	-0.01680	0.00000	0.00000	-0.00131	0.00000	0.00000	-0.00131	0.00000	0.00000	0.00081	0.00000	0.00000
30957	F	J	Chr2	16374488	-0.00130	0.00000	0.00000	-0.00003	0.00000	0.00000	-0.00000	0.00000	0.00000	0.00029	0.00000	0.00000
30995	F	J	Chr2	16418035	-0.00000	0.00000	0.00000	-0.00000	0.00000	0.00000	-0.00000	0.00000	0.00000	0.00030	0.00000	0.00000
31000	F	J	Chr2	16418590	-0.00000	0.00000	0.00000	-0.00000	0.00000	0.00000	-0.00000	0.00000	0.00000	0.00027	0.00000	0.00000
31012	F	J	Chr2	16428892	-0.00000	0.00000	0.00000	-0.00000	0.00000	0.00000	-0.00000	0.00000	0.00000	0.00027	0.00000	0.00000
31021	F	J	Chr2	16435614	0.00137	0.00000	0.00000	0.00004	0.00000	0.00000	0.00276	0.00000	0.00000	0.00086	0.00000	0.00000
31085	F	J	Chr2	16511122	-0.00000	0.00000	0.00000	-0.00000	0.00000	0.00000	-0.00000	0.00000	0.00000	0.00029	0.00000	0.00000
31095	F	J	Chr2	16529512	-0.00000	0.00000	0.00000	-0.00000	0.00000	0.00000	-0.00000	0.00000	0.00000	0.00030	0.00000	0.00000
31100	F	J	Chr2	16534036	-0.00000	0.00000	0.00000	-0.00000	0.00000	0.00000	-0.00000	0.00000	0.00000	0.00031	0.00000	0.00000
31112	F	J	Chr2	16552350	-0.00000	0.00000	0.00000	-0.00000	0.00000	0.00000	-0.00000	0.00000	0.00000	0.00029	0.00000	0.00000
31198	F	J	Chr2	16618993	-0.00000	0.00000	0.00000	-0.00000	0.00000	0.00000	-0.00000	0.00000	0.00000	0.00030	0.00000	0.00000
31199	F	J	Chr2	16619293	0.07692	0.00000	0.00000	0.00847	0.00000	0.00000	0.00847	0.00000	0.00000	0.00115	0.00000	0.00000
31337	F	J	Chr2	16766835	-0.00000	0.00000	0.00000	-0.00000	0.00000	0.00000	-0.00000	0.00000	0.00000	0.00030	0.00000	0.00000
31349	F	J	Chr2	16778116	0.02525	0.00000	0.00000	0.00385	0.00000	0.00000	-0.00225	0.00000	0.00000	0.00329	0.00000	0.00000
31403	F	J	Chr2	16824134	-0.00000	0.00000	0.00000	-0.00000	0.00000	0.00000	-0.00000	0.00000	0.00000	0.00029	0.00000	0.00000
31432	F	J	Chr2	16845652	-0.00000	0.00000	0.00000	-0.00000	0.00000	0.00000	-0.00000	0.00000	0.00000	0.00030	0.00000	0.00000
31446	F	J	Chr2	16861923	-0.00000	0.00000	0.00000	-0.00000	0.00000	0.00000	-0.00000	0.00000	0.00000	0.00028	0.00000	0.00000
31510	F	J	Chr2	16938446	-0.00000	0.00000	0.00000	-0.00000	0.00000	0.00000	-0.00000	0.00000	0.00000	0.00030	0.00000	0.00000
31513	F	J	Chr2	16939162	-0.02679	0.00000	0.00000	-0.00298	0.00000	0.00000	0.00660	0.00000	0.00000	0.00228	0.00000	0.00000
31545	F	J	Chr2	16984078	-0.00000	0.00000	0.00000	-0.00000	0.00000	0.00000	-0.00000	0.00000	0.00000	0.00030	0.00000	0.00000
31710	F	J	Chr2	17121590	-0.00163	0.00000	0.00000	-0.00018	0.00000	0.00000	-0.00127	0.00000	0.00000	0.00151	0.00000	0.00000
31761	F	J	Chr2	17201261	-0.00000	0.00000	0.00000	-0.00000	0.00000	0.00000	-0.00000	0.00000	0.00000	0.00029	0.00000	0.00000
31787	F	J	Chr2	17228703	-0.02245	0.00000	0.00000	-0.00335	0.00000	0.00000	-0.00941	0.00000	0.00000	0.00350	0.00000	0.00000
31793	F	J	Chr2	17235252	-0.00000	0.00000	0.00000	-0.00000	0.00000	0.00000	-0.00000	0.00000	0.00000	0.00029	0.00000	0.00000
31857	F	J	Chr2	17296723	-0.02051	0.00000	0.00000	-0.02094	0.00000	0.00000	-0.02094	0.00000	0.00000	0.00593	0.00000	0.00000
31880	F	J	Chr2	17338065	-0.01530	0.00000	0.00000	-0.01517	0.00000	0.00000	-0.01938	0.00000	0.00000	0.00675	0.00000	0.00000
31941	F	J	Chr2	17404739	0.00137	0.00000	0.00000	0.00004	0.00000	0.00000	0.00276	0.00000	0.00000	0.00089	0.00000	0.00000
32017	F	J	Chr2	17712235	0.01414	0.00000	0.00000	0.00746	0.00000	0.00000	0.00396	0.00000	0.00000	0.00424	0.00000	0.00000
32101	F	J	Chr2	17885119	-0.00000	0.00000	0.00000	-0.00000	0.00000	0.00000	-0.00000	0.00000	0.00000	0.00030	0.00000	0.00000
32118	F	J	Chr2	17901305	0.07692	0.00000	0.00000	0.00847	0.00000	0.00000	0.00847	0.00000	0.00000	0.00115	0.00000	0.00000
32131	F	J	Chr2	17916650	-0.00000	0.00000	0.00000	-0.00000	0.00000	0.00000	-0.00000	0.00000	0.00000	0.00028	0.00000	0.00000
32159	F	J	Chr2	17939657	-0.00000	0.00000	0.00000	-0.00000	0.00000	0.00000	-0.00000	0.00000	0.00000	0.00029	0.00000	0.00000
32160	F	J	Chr2	17939660	-0.00000	0.00000	0.00000	-0.00000	0.00000	0.00000	-0.00000	0.00000	0.00000	0.00027	0.00000	0.00000
32167	F	J	Chr2	17949363	-0.00415	0.00000	0.00000	-0.00011	0.00000	0.00000	0.01834	0.00000	0.00000	0.00203	0.00000	0.00000
32242	F	J	Chr2	18009290	-0.00000	0.00000	0.00000	-0.00000	0.00000	0.00000	-0.00000	0.00000	0.00000	0.00029	0.00000	0.00000
32282	F	J	Chr2	18048015	-0.00000	0.00000	0.00000	-0.00000	0.00000	0.00000	-0.00000	0.00000	0.00000	0.00030	0.00000	0.00000
32303	F	J	Chr2	18058639	-0.00000	0.00000	0.00000	-0.00000	0.00000	0.00000	-0.00000	0.00000	0.00000	0.00029	0.00000	0.00000
32332	F	J	Chr2	18068520	0.00152	0.00000	0.00000	0.00004	0.00000	0.00000	0.01159	0.00000	0.00000	0.00148	0.00000	0.00000
32341	F	J	Chr2	18071086	-0.00000	0.00000	0.00000	-0.00000	0.00000	0.00000	-0.00000	0.00000	0.00000	0.00030	0.00000	0.00000
32345	F	J	Chr2	18073160	-0.00000	0.00000	0.00000	-0.00000	0.00000	0.00000	-0.00000	0.00000	0.00000	0.00030	0.00000	0.00000
32353	F	J	Chr2	18079897	-0.00000	0.00000	0.00000	-0.00000	0.00000	0.00000	-0.00000	0.00000	0.00000	0.00030	0.00000	0.00000
32404	F	J	Chr2	18132935	0.01381	0.00000	0.00000	0.00483	0.00000	0.00000	0.00483	0.00000	0.00000	0.00305	0.00000	0.00000
32410	F	J	Chr2	18148282	0.00000	0.00000	0.00000	0.00000	0.00000	0.00000	-0.00004	0.00000	0.00000	0.00082	0.00000	0.00000
32438	F	J	Chr2	18181162	0.00137	0.00000	0.00000	0.00004	0.00000	0.00000	0.00276	0.00000	0.00000	0.00086	0.00000	0.00000
32512	F	J	Chr2	18283225	0.00137	0.00000	0.00000	0.00004	0.00000	0.00000	-0.00000	0.00000	0.00000	0.00032	0.00000	0.00000
32568	F	J	Chr2	18350851	-0.00000	0.00000	0.00000	-0.00000	0.00000	0.00000	-0.00000	0.00000	0.00000	0.00029	0.00000	0.00000
32585	F	J	Chr2	18374315	-0.00000	0.00000	0.00000	-0.00000	0.00000	0.00000	-0.00000	0.00000	0.00000	0.00029	0.00000	0.00000
32620	F	J	Chr2	18410053	-0.00000	0.00000	0.00000	-0.00000	0.00000	0.00000	-0.00000	0.00000	0.00000	0.00030	0.00000	0.00000
32709	F	J	Chr2	18462844	-0.02564	0.00000	0.00000	-0.00270	0.00000	0.00000	-0.00270	0.00000	0.00000	0.00115	0.00000	0.00000
32736	F	J	Chr2	18484144	-0.00000	0.00000	0.00000	-0.00000	0.00000	0.00000	-0.00000	0.00000	0.00000	0.00028	0.00000	0.00000
32742	F	J	Chr2	18492381	-0.02756	0.00000	0.00000	-0.00848	0.00000	0.00000	-0.00731	0.00000	0.00000	0.00315	0.00000	0.00000
32869	F	J	Chr2	18619759	0.00137	0.00000	0.00000	0.00004	0.00000	0.00000	0.00276	0.00000	0.00000	0.00080	0.00000	0.00000
32910	F	J	Chr2	18663271	-0.00000	0.00000	0.00000	-0.00000	0.00000	0.00000	-0.00000	0.00000	0.00000	0.00030	0.00000	0.00000
32939	F	J	Chr2	18707273	-0.02585	0.00000	0.00000	-0.01532	0.00000	0.00000	-0.01408	0.00000	0.00000	0.00453	0.00000	0.00000
32963	F	J	Chr2	18722336	-0.00000	0.00000	0.00000	-0.00000	0.00000	0.00000	-0.00000	0.00000	0.00000	0.00029	0.00000	0.00000
33009	F	J	Chr2	18778069	0.00152	0.00000	0.00000	0.00004	0.00000	0.00000	0.01159	0.00000	0.00000	0.00145	0.00000	0.00000
33053	F	J	Chr2	18821586	-0.01680	0.00000	0.00000	-0.00131	0.00000	0.00000	-0.00131	0.00000	0.00000	0.00085	0.00000	0.00000
33065	F	J	Chr2	18834407	-0.01919	0.00000	0.00000	-0.00264	0.00000	0.00000	0.00031	0.00000	0.00000	0.00171	0.00000	0.00000
33138	F	J	Chr2	18913260	-0.00130	0.00000	0.00000	-0.00003	0.00000	0.00000	0.00003	0.00000	0.00000	0.00085	0.00000	0.00000
33150	F	J	Chr2	18919830	0.02564	0.00000	0.00000	0.00135	0.00000	0.00000	0.00135	0.00000	0.00000	0.00059	0.00000	0.00000
33199	F	J	Chr2	18955768	-0.01913	0.00000	0.00000	-0.00388	0.00000	0.00000	-0.00031	0.00000	0.00000	0.00253	0.00000	0.00000
33230	F	J	Chr2	18985605	-0.00268	0.00000	0.00000	-0.00007	0.00000	0.00000	0.00588	0.00000	0.00000	0.00139	0.00000	0.00000
33272	F	J	Chr2	19030378	-0.02776	0.00000	0.00000	-0.00154	0.00000	0.00000	0.00735	0.00000	0.00000	0.00163	0.00000	0.00000
33283	F	J	Chr2	19040961	-0.00000	0.00000	0.00000	-0.00000	0.00000	0.00000	-0.00000	0.00000	0.00000	0.00029	0.00000	0.00000
33285	F	J	Chr2	19041295	-0.00000	0.00000	0.00000	-0.00000	0.00000	0.00000	-0.00000	0.00000	0.00000	0.00030	0.00000	0.00000
33336	F	J	Chr2	19098828	-0.02549	0.00000	0.00000	-0.02347	0.00000	0.00000	-0.02094	0.00000	0.00000	0.00607	0.00000	0.00000
33362	F	J	Chr2	19133019	-0.02564	0.00000	0.00000	-0.00132	0.00000	0.00000	-0.00132	0.00000	0.00000	0.00055	0.00000	0.00000
33379	F	J	Chr2	19166965	-0.00000	0.00000	0.00000	-0.00000	0.00000	0.00000	-0.00000	0.00000	0.00000	0.00029	0.00000	0.00000
33412	F	J	Chr2	19207090	0.00137	0.00000	0.00000	0.00004	0.00000	0.00000	-0.00000	0.00000	0.00000	0.00031	0.00000	0.00000
33424	F	J	Chr2	19216183	0.00137	0.00000	0.00000	0.00004	0.00000	0.00000	0.00276	0.00000	0.00000	0.00080	0.00000	0.00000
33442	F	J	Chr2	19238006	-0.02710	0.00000	0.00000	-0.02786	0.00000	0.00000	-0.01445	0.00000	0.00000	0.00637	0.00000	0.00000
33461	F	J	Chr2	19265711	0.02564	0.00000	0.00000	0.00135	0.00000	0.00000	0.00135	0.00000	0.00000	0.00059	0.00000	0.00000
33496	F	J	Chr2	19312755	0.07784	0.00000	0.00000	0.00929	0.00000	0.00000	0.00233	0.00000	0.00000	0.00263	0.00000	0.00000
33500	F	J	Chr2	19320386	-0.00000	0.00000	0.00000	-0.00000	0.00000	0.00000	-0.00000	0.00000	0.00000	0.00029	0.00000	0.00000
33577	F	J	Chr2	19416329	-0.00000	0.00000	0.00000	-0.00000	0.00000	0.00000	-0.00000	0.00000	0.00000	0.00028	0.00000	0.00000
33624	F	J	Chr2	19501712	-0.00000	0.00000	0.00000	-0.00000	0.00000	0.00000	-0.00000	0.00000	0.00000	0.00029	0.00000	0.00000
33655	F	J	Chr2	19524661	-0.02330	0.00000	0.00000	-0.01465	0.00000	0.00000	-0.01429	0.00000	0.00000	0.00554	0.00000	0.00000
33810	F	J	Chr3	88665	-0.00144	0.00000	0.00000	-0.00004	0.00000	0.00000	0.00574	0.00000	0.00000	0.00143	0.00000	0.00000
33813	F	J	Chr3	88897	-0.02564	0.00000	0.00000	-0.00132	0.00000	0.00000	-0.00132	0.00000	0.00000	0.00060	0.00000	0.00000
33882	F	J	Chr3	127866	-0.00000	0.00000	0.00000	-0.00000	0.00000	0.00000	-0.00000	0.00000	0.00000	0.00027	0.00000	0.00000
33907	F	J	Chr3	146814	-0.00268	0.00000	0.00000	-0.00007	0.00000	0.00000	0.00588	0.00000	0.00000	0.00134	0.00000	0.00000
33916	F	J	Chr3	148189	0.02903	0.00000	0.00000	0.00157	0.00000	0.00000	0.00567	0.00000	0.00000	0.00117	0.00000	0.00000
33929	F	J	Chr3	168520	0.02564	0.00000	0.00000	0.00135	0.00000	0.00000	0.00135	0.00000	0.00000	0.00053	0.00000	0.00000
33932	F	J	Chr3	172489	0.00000	0.00000	0.00000	0.00000	0.00000	0.00000	0.00559	0.00000	0.00000	0.00152	0.00000	0.00000
33944	F	J	Chr3	175324	-0.02564	0.00000	0.00000	-0.00132	0.00000	0.00000	-0.00132	0.00000	0.00000	0.00058	0.00000	0.00000
33991	F	J	Chr3	209595	-0.00144	0.00000	0.00000	-0.00004	0.00000	0.00000	0.00276	0.00000	0.00000	0.00089	0.00000	0.00000
34001	F	J	Chr3	212793	-0.00000	0.00000	0.00000	-0.00000	0.00000	0.00000	-0.00000	0.00000	0.00000	0.00029	0.00000	0.00000
34007	F	J	Chr3	216307	0.04988	0.00000	0.00000	0.02587	0.00000	0.00000	0.02857	0.00000	0.00000	0.00555	0.00000	0.00000
34044	F	J	Chr3	236847	-0.00000	0.00000	0.00000	-0.00000	0.00000	0.00000	-0.00000	0.00000	0.00000	0.00030	0.00000	0.00000
34063	F	J	Chr3	255657	-0.00000	0.00000	0.00000	-0.00000	0.00000	0.00000	-0.00000	0.00000	0.00000	0.00030	0.00000	0.00000
34080	F	J	Chr3	272147	-0.02831	0.00000	0.00000	-0.02687	0.00000	0.00000	-0.03125	0.00000	0.00000	0.00714	0.00000	0.00000
34089	F	J	Chr3	284437	-0.00000	0.00000	0.00000	-0.00000	0.00000	0.00000	-0.00000	0.00000	0.00000	0.00030	0.00000	0.00000
34154	F	J	Chr3	340801	0.00000	0.00000	0.00000	0.00000	0.00000	0.00000	0.00559	0.00000	0.00000	0.00128	0.00000	0.00000
34177	F	J	Chr3	364844	0.00546	0.00000	0.00000	0.00016	0.00000	0.00000	0.05027	0.00000	0.00000	0.00273	0.00000	0.00000
34191	F	J	Chr3	379673	-0.00000	0.00000	0.00000	-0.00000	0.00000	0.00000	-0.00000	0.00000	0.00000	0.00030	0.00000	0.00000
34237	F	J	Chr3	408617	-0.00000	0.00000	0.00000	-0.00000	0.00000	0.00000	-0.00000	0.00000	0.00000	0.00030	0.00000	0.00000
34250	F	J	Chr3	427868	-0.00000	0.00000	0.00000	-0.00000	0.00000	0.00000	-0.00000	0.00000	0.00000	0.00029	0.00000	0.00000
34284	F	J	Chr3	467226	-0.00000	0.00000	0.00000	-0.00000	0.00000	0.00000	-0.00000	0.00000	0.00000	0.00027	0.00000	0.00000
34293	F	J	Chr3	470299	-0.00000	0.00000	0.00000	-0.00000	0.00000	0.00000	-0.00000	0.00000	0.00000	0.00030	0.00000	0.00000
34313	F	J	Chr3	491409	-0.00000	0.00000	0.00000	-0.00000	0.00000	0.00000	-0.00000	0.00000	0.00000	0.00028	0.00000	0.00000
34331	F	J	Chr3	500226	-0.00000	0.00000	0.00000	-0.00000	0.00000	0.00000	-0.00000	0.00000	0.00000	0.00030	0.00000	0.00000
34355	F	J	Chr3	529445	-0.02564	0.00000	0.00000	-0.00132	0.00000	0.00000	-0.00132	0.00000	0.00000	0.00058	0.00000	0.00000
34379	F	J	Chr3	554726	-0.00139	0.00000	0.00000	-0.00135	0.00000	0.00000	-0.00507	0.00000	0.00000	0.00674	0.00000	0.00000
34382	F	J	Chr3	555322	-0.02019	0.00000	0.00000	-0.00269	0.00000	0.00000	-0.00269	0.00000	0.00000	0.00138	0.00000	0.00000
34396	F	J	Chr3	572479	0.02244	0.00000	0.00000	0.00305	0.00000	0.00000	0.00305	0.00000	0.00000	0.00142	0.00000	0.00000
34405	F	J	Chr3	578245	-0.01399	0.00000	0.00000	-0.00396	0.00000	0.00000	-0.00396	0.00000	0.00000	0.00252	0.00000	0.00000
34464	F	J	Chr3	634657	-0.00130	0.00000	0.00000	-0.00003	0.00000	0.00000	0.00003	0.00000	0.00000	0.00086	0.00000	0.00000
34475	F	J	Chr3	640563	-0.00000	0.00000	0.00000	-0.00000	0.00000	0.00000	-0.00000	0.00000	0.00000	0.00030	0.00000	0.00000
34491	F	J	Chr3	646660	-0.00000	0.00000	0.00000	-0.00000	0.00000	0.00000	-0.00000	0.00000	0.00000	0.00030	0.00000	0.00000
34493	F	J	Chr3	647269	-0.02797	0.00000	0.00000	-0.02877	0.00000	0.00000	0.00600	0.00000	0.00000	0.00690	0.00000	0.00000
34508	F	J	Chr3	658661	-0.01296	0.00000	0.00000	-0.00111	0.00000	0.00000	0.02733	0.00000	0.00000	0.00263	0.00000	0.00000
34538	F	J	Chr3	677468	0.00000	0.00000	0.00000	0.00000	0.00000	0.00000	-0.00315	0.00000	0.00000	0.00204	0.00000	0.00000
34563	F	J	Chr3	693000	-0.00130	0.00000	0.00000	-0.00003	0.00000	0.00000	-0.00000	0.00000	0.00000	0.00030	0.00000	0.00000
34632	F	J	Chr3	763983	-0.00708	0.00000	0.00000	-0.00227	0.00000	0.00000	0.01301	0.00000	0.00000	0.00410	0.00000	0.00000
34640	F	J	Chr3	767776	-0.00000	0.00000	0.00000	-0.00000	0.00000	0.00000	-0.00000	0.00000	0.00000	0.00029	0.00000	0.00000
34657	F	J	Chr3	787498	-0.01680	0.00000	0.00000	-0.00131	0.00000	0.00000	-0.00131	0.00000	0.00000	0.00083	0.00000	0.00000
34718	F	J	Chr3	836596	-0.00000	0.00000	0.00000	-0.00000	0.00000	0.00000	-0.00000	0.00000	0.00000	0.00029	0.00000	0.00000
34804	F	J	Chr3	939208	-0.00130	0.00000	0.00000	-0.00003	0.00000	0.00000	-0.00000	0.00000	0.00000	0.00027	0.00000	0.00000
34812	F	J	Chr3	943668	-0.01680	0.00000	0.00000	-0.00131	0.00000	0.00000	-0.00131	0.00000	0.00000	0.00085	0.00000	0.00000
34857	F	J	Chr3	977886	-0.02564	0.00000	0.00000	-0.00132	0.00000	0.00000	-0.00132	0.00000	0.00000	0.00056	0.00000	0.00000
34870	F	J	Chr3	987500	-0.02564	0.00000	0.00000	-0.00132	0.00000	0.00000	-0.00132	0.00000	0.00000	0.00059	0.00000	0.00000
34877	F	J	Chr3	991939	-0.00000	0.00000	0.00000	-0.00000	0.00000	0.00000	-0.00000	0.00000	0.00000	0.00029	0.00000	0.00000
34897	F	J	Chr3	1006378	-0.00000	0.00000	0.00000	-0.00000	0.00000	0.00000	-0.00000	0.00000	0.00000	0.00027	0.00000	0.00000
34911	F	J	Chr3	1017006	0.02564	0.00000	0.00000	0.00135	0.00000	0.00000	0.00135	0.00000	0.00000	0.00057	0.00000	0.00000
34940	F	J	Chr3	1039044	0.00391	0.00000	0.00000	0.00043	0.00000	0.00000	0.00463	0.00000	0.00000	0.00168	0.00000	0.00000
34941	F	J	Chr3	1039047	-0.00000	0.00000	0.00000	-0.00000	0.00000	0.00000	-0.00000	0.00000	0.00000	0.00027	0.00000	0.00000
34993	F	J	Chr3	1077030	0.00986	0.00000	0.00000	0.00191	0.00000	0.00000	0.00191	0.00000	0.00000	0.00188	0.00000	0.00000
35042	F	J	Chr3	1132705	-0.02564	0.00000	0.00000	-0.00132	0.00000	0.00000	-0.00132	0.00000	0.00000	0.00056	0.00000	0.00000
35215	F	J	Chr3	1307381	-0.00000	0.00000	0.00000	-0.00000	0.00000	0.00000	-0.00000	0.00000	0.00000	0.00030	0.00000	0.00000
35278	F	J	Chr3	1406088	-0.01680	0.00000	0.00000	-0.00131	0.00000	0.00000	-0.00131	0.00000	0.00000	0.00084	0.00000	0.00000
35401	F	J	Chr3	1541101	-0.00000	0.00000	0.00000	-0.00000	0.00000	0.00000	-0.00000	0.00000	0.00000	0.00029	0.00000	0.00000
35435	F	J	Chr3	1588607	-0.00000	0.00000	0.00000	-0.00000	0.00000	0.00000	-0.00000	0.00000	0.00000	0.00029	0.00000	0.00000
35470	F	J	Chr3	1614322	-0.02564	0.00000	0.00000	-0.00132	0.00000	0.00000	-0.00132	0.00000	0.00000	0.00056	0.00000	0.00000
35500	F	J	Chr3	1654772	-0.01858	0.00000	0.00000	-0.00149	0.00000	0.00000	-0.00146	0.00000	0.00000	0.00088	0.00000	0.00000
35520	F	J	Chr3	1667737	-0.02564	0.00000	0.00000	-0.00415	0.00000	0.00000	-0.00415	0.00000	0.00000	0.00159	0.00000	0.00000
35668	F	J	Chr3	1873922	-0.01680	0.00000	0.00000	-0.00131	0.00000	0.00000	-0.00131	0.00000	0.00000	0.00085	0.00000	0.00000
35693	F	J	Chr3	1906802	-0.00000	0.00000	0.00000	-0.00000	0.00000	0.00000	-0.00000	0.00000	0.00000	0.00029	0.00000	0.00000
35699	F	J	Chr3	1921599	-0.00000	0.00000	0.00000	-0.00000	0.00000	0.00000	-0.00000	0.00000	0.00000	0.00031	0.00000	0.00000
35714	F	J	Chr3	1950121	0.02495	0.00000	0.00000	0.00142	0.00000	0.00000	0.00567	0.00000	0.00000	0.00115	0.00000	0.00000
35729	F	J	Chr3	1966791	-0.00000	0.00000	0.00000	-0.00000	0.00000	0.00000	-0.00000	0.00000	0.00000	0.00028	0.00000	0.00000
35804	F	J	Chr3	2079633	0.02564	0.00000	0.00000	0.00135	0.00000	0.00000	0.00135	0.00000	0.00000	0.00058	0.00000	0.00000
35846	F	J	Chr3	2156037	-0.00000	0.00000	0.00000	-0.00000	0.00000	0.00000	-0.00000	0.00000	0.00000	0.00029	0.00000	0.00000
35854	F	J	Chr3	2178364	-0.00000	0.00000	0.00000	-0.00000	0.00000	0.00000	-0.00000	0.00000	0.00000	0.00031	0.00000	0.00000
35860	F	J	Chr3	2182327	0.00100	0.00000	0.00000	0.00011	0.00000	0.00000	0.00011	0.00000	0.00000	0.00113	0.00000	0.00000
35861	F	J	Chr3	2182932	-0.00000	0.00000	0.00000	-0.00000	0.00000	0.00000	-0.00000	0.00000	0.00000	0.00028	0.00000	0.00000
35906	F	J	Chr3	2236693	-0.00000	0.00000	0.00000	-0.00000	0.00000	0.00000	-0.00000	0.00000	0.00000	0.00030	0.00000	0.00000
35942	F	J	Chr3	2277192	-0.00000	0.00000	0.00000	-0.00000	0.00000	0.00000	-0.00000	0.00000	0.00000	0.00029	0.00000	0.00000
35945	F	J	Chr3	2278972	0.00736	0.00000	0.00000	0.00083	0.00000	0.00000	0.01585	0.00000	0.00000	0.00214	0.00000	0.00000
35997	F	J	Chr3	2376809	-0.00000	0.00000	0.00000	-0.00000	0.00000	0.00000	-0.00000	0.00000	0.00000	0.00028	0.00000	0.00000
36019	F	J	Chr3	2413855	-0.00000	0.00000	0.00000	-0.00000	0.00000	0.00000	-0.00000	0.00000	0.00000	0.00030	0.00000	0.00000
36037	F	J	Chr3	2436034	-0.00000	0.00000	0.00000	-0.00000	0.00000	0.00000	-0.00000	0.00000	0.00000	0.00030	0.00000	0.00000
36074	F	J	Chr3	2488510	-0.02703	0.00000	0.00000	-0.01364	0.00000	0.00000	-0.01703	0.00000	0.00000	0.00474	0.00000	0.00000
36081	F	J	Chr3	2500292	-0.00000	0.00000	0.00000	-0.00000	0.00000	0.00000	-0.00000	0.00000	0.00000	0.00029	0.00000	0.00000
36179	F	J	Chr3	2616868	0.00000	0.00000	0.00000	0.00000	0.00000	0.00000	0.00276	0.00000	0.00000	0.00089	0.00000	0.00000
36234	F	J	Chr3	2665216	-0.00000	0.00000	0.00000	-0.00000	0.00000	0.00000	-0.00000	0.00000	0.00000	0.00029	0.00000	0.00000
36244	F	J	Chr3	2672975	-0.00000	0.00000	0.00000	-0.00000	0.00000	0.00000	-0.00000	0.00000	0.00000	0.00030	0.00000	0.00000
36248	F	J	Chr3	2675388	0.02903	0.00000	0.00000	0.00157	0.00000	0.00000	0.00567	0.00000	0.00000	0.00119	0.00000	0.00000
36266	F	J	Chr3	2706654	-0.02630	0.00000	0.00000	-0.00139	0.00000	0.00000	-0.00139	0.00000	0.00000	0.00060	0.00000	0.00000
36274	F	J	Chr3	2719693	-0.00000	0.00000	0.00000	-0.00000	0.00000	0.00000	-0.00000	0.00000	0.00000	0.00029	0.00000	0.00000
36345	F	J	Chr3	2811219	-0.00000	0.00000	0.00000	-0.00000	0.00000	0.00000	-0.00000	0.00000	0.00000	0.00029	0.00000	0.00000
36451	F	J	Chr3	2894798	0.00711	0.00000	0.00000	0.00020	0.00000	0.00000	0.05027	0.00000	0.00000	0.00277	0.00000	0.00000
36467	F	J	Chr3	2905009	-0.00000	0.00000	0.00000	-0.00000	0.00000	0.00000	-0.00000	0.00000	0.00000	0.00029	0.00000	0.00000
36510	F	J	Chr3	2980001	-0.00000	0.00000	0.00000	-0.00000	0.00000	0.00000	-0.00000	0.00000	0.00000	0.00031	0.00000	0.00000
36513	F	J	Chr3	2981480	0.02520	0.00000	0.00000	0.00582	0.00000	0.00000	0.00240	0.00000	0.00000	0.00270	0.00000	0.00000
36541	F	J	Chr3	3013368	-0.00000	0.00000	0.00000	-0.00000	0.00000	0.00000	-0.00000	0.00000	0.00000	0.00028	0.00000	0.00000
36563	F	J	Chr3	3033883	-0.00334	0.00000	0.00000	-0.00286	0.00000	0.00000	-0.00286	0.00000	0.00000	0.00545	0.00000	0.00000
36596	F	J	Chr3	3059103	-0.00000	0.00000	0.00000	-0.00000	0.00000	0.00000	-0.00000	0.00000	0.00000	0.00030	0.00000	0.00000
36763	F	J	Chr3	3212591	-0.00000	0.00000	0.00000	-0.00000	0.00000	0.00000	-0.00000	0.00000	0.00000	0.00030	0.00000	0.00000
36784	F	J	Chr3	3237175	-0.00000	0.00000	0.00000	-0.00000	0.00000	0.00000	-0.00000	0.00000	0.00000	0.00029	0.00000	0.00000
36831	F	J	Chr3	3283005	-0.00130	0.00000	0.00000	-0.00003	0.00000	0.00000	-0.00000	0.00000	0.00000	0.00031	0.00000	0.00000
36905	F	J	Chr3	3348940	-0.00000	0.00000	0.00000	-0.00000	0.00000	0.00000	-0.00000	0.00000	0.00000	0.00029	0.00000	0.00000
36940	F	J	Chr3	3398840	-0.00000	0.00000	0.00000	-0.00000	0.00000	0.00000	-0.00000	0.00000	0.00000	0.00029	0.00000	0.00000
37016	F	J	Chr3	3481093	0.00764	0.00000	0.00000	0.00200	0.00000	0.00000	0.00766	0.00000	0.00000	0.00278	0.00000	0.00000
37023	F	J	Chr3	3489836	-0.00000	0.00000	0.00000	-0.00000	0.00000	0.00000	-0.00000	0.00000	0.00000	0.00029	0.00000	0.00000
37024	F	J	Chr3	3489839	-0.00000	0.00000	0.00000	-0.00000	0.00000	0.00000	-0.00000	0.00000	0.00000	0.00029	0.00000	0.00000
37048	F	J	Chr3	3515465	-0.02438	0.00000	0.00000	-0.00630	0.00000	0.00000	-0.00575	0.00000	0.00000	0.00293	0.00000	0.00000
37063	F	J	Chr3	3531420	-0.00000	0.00000	0.00000	-0.00000	0.00000	0.00000	-0.00000	0.00000	0.00000	0.00028	0.00000	0.00000
37099	F	J	Chr3	3566822	-0.00000	0.00000	0.00000	-0.00000	0.00000	0.00000	-0.00000	0.00000	0.00000	0.00030	0.00000	0.00000
37196	F	J	Chr3	3620199	-0.02564	0.00000	0.00000	-0.00132	0.00000	0.00000	-0.00132	0.00000	0.00000	0.00055	0.00000	0.00000
37220	F	J	Chr3	3638650	-0.00334	0.00000	0.00000	-0.00286	0.00000	0.00000	-0.00286	0.00000	0.00000	0.00539	0.00000	0.00000
37268	F	J	Chr3	3677512	-0.00000	0.00000	0.00000	-0.00000	0.00000	0.00000	-0.00000	0.00000	0.00000	0.00029	0.00000	0.00000
37270	F	J	Chr3	3678236	-0.02006	0.00000	0.00000	-0.00757	0.00000	0.00000	-0.01126	0.00000	0.00000	0.00403	0.00000	0.00000
37273	F	J	Chr3	3679449	0.02903	0.00000	0.00000	0.00157	0.00000	0.00000	0.00567	0.00000	0.00000	0.00116	0.00000	0.00000
37302	F	J	Chr3	3709783	0.04572	0.00000	0.00000	0.00421	0.00000	0.00000	0.03202	0.00000	0.00000	0.00316	0.00000	0.00000
37307	F	J	Chr3	3711521	0.02181	0.00000	0.00000	0.00120	0.00000	0.00000	0.00463	0.00000	0.00000	0.00168	0.00000	0.00000
37327	F	J	Chr3	3721442	-0.00000	0.00000	0.00000	-0.00000	0.00000	0.00000	-0.00000	0.00000	0.00000	0.00028	0.00000	0.00000
37366	F	J	Chr3	3761220	-0.00000	0.00000	0.00000	-0.00000	0.00000	0.00000	-0.00000	0.00000	0.00000	0.00030	0.00000	0.00000
37419	F	J	Chr3	3868690	-0.00000	0.00000	0.00000	-0.00000	0.00000	0.00000	-0.00000	0.00000	0.00000	0.00030	0.00000	0.00000
37468	F	J	Chr3	3947224	-0.01024	0.00000	0.00000	-0.00171	0.00000	0.00000	-0.00268	0.00000	0.00000	0.00217	0.00000	0.00000
37528	F	J	Chr3	4069764	-0.02630	0.00000	0.00000	-0.00139	0.00000	0.00000	0.00007	0.00000	0.00000	0.00108	0.00000	0.00000
37579	F	J	Chr3	4139665	0.01590	0.00000	0.00000	0.00337	0.00000	0.00000	0.00660	0.00000	0.00000	0.00326	0.00000	0.00000
37641	F	J	Chr3	4242094	-0.02019	0.00000	0.00000	-0.00269	0.00000	0.00000	-0.00269	0.00000	0.00000	0.00143	0.00000	0.00000
37643	F	J	Chr3	4243761	-0.01858	0.00000	0.00000	-0.00149	0.00000	0.00000	-0.00131	0.00000	0.00000	0.00141	0.00000	0.00000
37709	F	J	Chr3	4318952	0.02531	0.00000	0.00000	0.00996	0.00000	0.00000	0.00585	0.00000	0.00000	0.00383	0.00000	0.00000
37718	F	J	Chr3	4329718	-0.02564	0.00000	0.00000	-0.00132	0.00000	0.00000	-0.00132	0.00000	0.00000	0.00055	0.00000	0.00000
37737	F	J	Chr3	4343910	0.02564	0.00000	0.00000	0.00135	0.00000	0.00000	0.00135	0.00000	0.00000	0.00059	0.00000	0.00000
37802	F	J	Chr3	4426318	-0.02564	0.00000	0.00000	-0.00132	0.00000	0.00000	-0.00132	0.00000	0.00000	0.00057	0.00000	0.00000
37806	F	J	Chr3	4431590	-0.01579	0.00000	0.00000	-0.00127	0.00000	0.00000	0.00157	0.00000	0.00000	0.00147	0.00000	0.00000
37808	F	J	Chr3	4433192	0.00137	0.00000	0.00000	0.00004	0.00000	0.00000	0.00276	0.00000	0.00000	0.00088	0.00000	0.00000
37810	F	J	Chr3	4433884	0.00137	0.00000	0.00000	0.00004	0.00000	0.00000	0.00276	0.00000	0.00000	0.00090	0.00000	0.00000
37840	F	J	Chr3	4458778	0.02162	0.00000	0.00000	0.01952	0.00000	0.00000	0.02072	0.00000	0.00000	0.00647	0.00000	0.00000
37846	F	J	Chr3	4461757	0.02244	0.00000	0.00000	0.00305	0.00000	0.00000	0.00305	0.00000	0.00000	0.00133	0.00000	0.00000
37847	F	J	Chr3	4461792	-0.02564	0.00000	0.00000	-0.00132	0.00000	0.00000	-0.00132	0.00000	0.00000	0.00055	0.00000	0.00000
37893	F	J	Chr3	4501046	-0.00000	0.00000	0.00000	-0.00000	0.00000	0.00000	-0.00000	0.00000	0.00000	0.00029	0.00000	0.00000
37911	F	J	Chr3	4511727	-0.00000	0.00000	0.00000	-0.00000	0.00000	0.00000	-0.00000	0.00000	0.00000	0.00030	0.00000	0.00000
37996	F	J	Chr3	4593163	-0.00000	0.00000	0.00000	-0.00000	0.00000	0.00000	-0.00000	0.00000	0.00000	0.00031	0.00000	0.00000
38044	F	J	Chr3	4646966	-0.02111	0.00000	0.00000	-0.01035	0.00000	0.00000	-0.01053	0.00000	0.00000	0.00437	0.00000	0.00000
38139	F	J	Chr3	4735487	-0.02329	0.00000	0.00000	-0.00880	0.00000	0.00000	-0.00880	0.00000	0.00000	0.00295	0.00000	0.00000
38150	F	J	Chr3	4749327	-0.00130	0.00000	0.00000	-0.00003	0.00000	0.00000	0.00003	0.00000	0.00000	0.00086	0.00000	0.00000
38157	F	J	Chr3	4753680	-0.01877	0.00000	0.00000	-0.01318	0.00000	0.00000	0.00884	0.00000	0.00000	0.00625	0.00000	0.00000
38160	F	J	Chr3	4753976	-0.00000	0.00000	0.00000	-0.00000	0.00000	0.00000	-0.00000	0.00000	0.00000	0.00029	0.00000	0.00000
38170	F	J	Chr3	4761464	0.02564	0.00000	0.00000	0.00135	0.00000	0.00000	0.00135	0.00000	0.00000	0.00059	0.00000	0.00000
38226	F	J	Chr3	4841719	-0.00000	0.00000	0.00000	-0.00000	0.00000	0.00000	-0.00000	0.00000	0.00000	0.00030	0.00000	0.00000
38306	F	J	Chr3	4968726	0.00486	0.00000	0.00000	0.00014	0.00000	0.00000	0.02721	0.00000	0.00000	0.00205	0.00000	0.00000
38350	F	J	Chr3	5002650	-0.00000	0.00000	0.00000	-0.00000	0.00000	0.00000	-0.00000	0.00000	0.00000	0.00028	0.00000	0.00000
38377	F	J	Chr3	5030206	-0.00000	0.00000	0.00000	-0.00000	0.00000	0.00000	-0.00000	0.00000	0.00000	0.00028	0.00000	0.00000
38452	F	J	Chr3	5076726	-0.02564	0.00000	0.00000	-0.00566	0.00000	0.00000	-0.00566	0.00000	0.00000	0.00204	0.00000	0.00000
38499	F	J	Chr3	5100883	-0.00000	0.00000	0.00000	-0.00000	0.00000	0.00000	-0.00000	0.00000	0.00000	0.00029	0.00000	0.00000
38505	F	J	Chr3	5111811	-0.00000	0.00000	0.00000	-0.00000	0.00000	0.00000	-0.00000	0.00000	0.00000	0.00029	0.00000	0.00000
38517	F	J	Chr3	5124410	-0.00000	0.00000	0.00000	-0.00000	0.00000	0.00000	-0.00000	0.00000	0.00000	0.00029	0.00000	0.00000
38556	F	J	Chr3	5155089	-0.00000	0.00000	0.00000	-0.00000	0.00000	0.00000	-0.00000	0.00000	0.00000	0.00028	0.00000	0.00000
38578	F	J	Chr3	5183083	-0.00000	0.00000	0.00000	-0.00000	0.00000	0.00000	-0.00000	0.00000	0.00000	0.00029	0.00000	0.00000
38584	F	J	Chr3	5184920	0.00137	0.00000	0.00000	0.00004	0.00000	0.00000	0.00276	0.00000	0.00000	0.00087	0.00000	0.00000
38693	F	J	Chr3	5271428	-0.01680	0.00000	0.00000	-0.00131	0.00000	0.00000	-0.00131	0.00000	0.00000	0.00086	0.00000	0.00000
38725	F	J	Chr3	5297971	0.02564	0.00000	0.00000	0.00135	0.00000	0.00000	0.00135	0.00000	0.00000	0.00061	0.00000	0.00000
38751	F	J	Chr3	5308787	-0.00000	0.00000	0.00000	-0.00000	0.00000	0.00000	-0.00000	0.00000	0.00000	0.00029	0.00000	0.00000
38757	F	J	Chr3	5310160	-0.00000	0.00000	0.00000	-0.00000	0.00000	0.00000	-0.00000	0.00000	0.00000	0.00030	0.00000	0.00000
38758	F	J	Chr3	5310436	0.00605	0.00000	0.00000	0.00120	0.00000	0.00000	-0.00101	0.00000	0.00000	0.00223	0.00000	0.00000
38793	F	J	Chr3	5342664	-0.00298	0.00000	0.00000	-0.00008	0.00000	0.00000	0.01813	0.00000	0.00000	0.00195	0.00000	0.00000
38868	F	J	Chr3	5390740	-0.02766	0.00000	0.00000	-0.02844	0.00000	0.00000	-0.03350	0.00000	0.00000	0.00690	0.00000	0.00000
38871	F	J	Chr3	5391399	0.03775	0.00000	0.00000	0.00237	0.00000	0.00000	0.05949	0.00000	0.00000	0.00283	0.00000	0.00000
38876	F	J	Chr3	5394080	-0.02703	0.00000	0.00000	-0.00300	0.00000	0.00000	-0.00157	0.00000	0.00000	0.00170	0.00000	0.00000
38893	F	J	Chr3	5401648	-0.00000	0.00000	0.00000	-0.00000	0.00000	0.00000	-0.00000	0.00000	0.00000	0.00031	0.00000	0.00000
38941	F	J	Chr3	5425276	0.00736	0.00000	0.00000	0.00083	0.00000	0.00000	0.01585	0.00000	0.00000	0.00217	0.00000	0.00000
39015	F	J	Chr3	5502576	-0.00000	0.00000	0.00000	-0.00000	0.00000	0.00000	-0.00000	0.00000	0.00000	0.00030	0.00000	0.00000
39039	F	J	Chr3	5531310	-0.00000	0.00000	0.00000	-0.00000	0.00000	0.00000	-0.00000	0.00000	0.00000	0.00030	0.00000	0.00000
39100	F	J	Chr3	5610587	0.05128	0.00000	0.00000	0.00414	0.00000	0.00000	0.00414	0.00000	0.00000	0.00090	0.00000	0.00000
39142	F	J	Chr3	5653556	-0.02436	0.00000	0.00000	-0.02497	0.00000	0.00000	-0.02497	0.00000	0.00000	0.00547	0.00000	0.00000
39146	F	J	Chr3	5654327	-0.02436	0.00000	0.00000	-0.02497	0.00000	0.00000	-0.02497	0.00000	0.00000	0.00586	0.00000	0.00000
39321	F	J	Chr3	5801040	-0.02630	0.00000	0.00000	-0.00139	0.00000	0.00000	0.00007	0.00000	0.00000	0.00109	0.00000	0.00000
39329	F	J	Chr3	5811153	-0.00000	0.00000	0.00000	-0.00000	0.00000	0.00000	-0.00000	0.00000	0.00000	0.00030	0.00000	0.00000
39340	F	J	Chr3	5832508	-0.00000	0.00000	0.00000	-0.00000	0.00000	0.00000	-0.00000	0.00000	0.00000	0.00030	0.00000	0.00000
39342	F	J	Chr3	5832989	-0.02696	0.00000	0.00000	-0.00577	0.00000	0.00000	-0.00005	0.00000	0.00000	0.00374	0.00000	0.00000
39356	F	J	Chr3	5855629	0.00137	0.00000	0.00000	0.00004	0.00000	0.00000	0.00276	0.00000	0.00000	0.00085	0.00000	0.00000
39392	F	J	Chr3	5907731	-0.00000	0.00000	0.00000	-0.00000	0.00000	0.00000	-0.00000	0.00000	0.00000	0.00028	0.00000	0.00000
39441	F	J	Chr3	5933700	-0.00268	0.00000	0.00000	-0.00007	0.00000	0.00000	0.00588	0.00000	0.00000	0.00142	0.00000	0.00000
39488	F	J	Chr3	5973249	-0.00000	0.00000	0.00000	-0.00000	0.00000	0.00000	-0.00000	0.00000	0.00000	0.00028	0.00000	0.00000
39505	F	J	Chr3	6007076	0.00297	0.00000	0.00000	0.00008	0.00000	0.00000	-0.00000	0.00000	0.00000	0.00032	0.00000	0.00000
39532	F	J	Chr3	6032720	-0.00000	0.00000	0.00000	-0.00000	0.00000	0.00000	-0.00000	0.00000	0.00000	0.00028	0.00000	0.00000
39565	F	J	Chr3	6084682	0.00000	0.00000	0.00000	0.00000	0.00000	0.00000	-0.00004	0.00000	0.00000	0.00089	0.00000	0.00000
39583	F	J	Chr3	6100830	-0.00000	0.00000	0.00000	-0.00000	0.00000	0.00000	-0.00000	0.00000	0.00000	0.00029	0.00000	0.00000
39592	F	J	Chr3	6107507	-0.00000	0.00000	0.00000	-0.00000	0.00000	0.00000	-0.00000	0.00000	0.00000	0.00030	0.00000	0.00000
39628	F	J	Chr3	6140093	-0.00108	0.00000	0.00000	-0.00069	0.00000	0.00000	-0.00463	0.00000	0.00000	0.00658	0.00000	0.00000
39638	F	J	Chr3	6152412	0.02903	0.00000	0.00000	0.00157	0.00000	0.00000	0.00567	0.00000	0.00000	0.00119	0.00000	0.00000
39649	F	J	Chr3	6168385	-0.00975	0.00000	0.00000	-0.00403	0.00000	0.00000	-0.00905	0.00000	0.00000	0.00426	0.00000	0.00000
39659	F	J	Chr3	6181424	0.05128	0.00000	0.00000	0.00414	0.00000	0.00000	0.00414	0.00000	0.00000	0.00086	0.00000	0.00000
39669	F	J	Chr3	6192308	-0.00130	0.00000	0.00000	-0.00003	0.00000	0.00000	0.00003	0.00000	0.00000	0.00086	0.00000	0.00000
39687	F	J	Chr3	6223708	-0.00000	0.00000	0.00000	-0.00000	0.00000	0.00000	-0.00000	0.00000	0.00000	0.00030	0.00000	0.00000
39717	F	J	Chr3	6263228	-0.00000	0.00000	0.00000	-0.00000	0.00000	0.00000	-0.00000	0.00000	0.00000	0.00030	0.00000	0.00000
39742	F	J	Chr3	6299391	-0.00000	0.00000	0.00000	-0.00000	0.00000	0.00000	-0.00000	0.00000	0.00000	0.00028	0.00000	0.00000
39796	F	J	Chr3	6394894	-0.00000	0.00000	0.00000	-0.00000	0.00000	0.00000	-0.00000	0.00000	0.00000	0.00030	0.00000	0.00000
39806	F	J	Chr3	6406477	-0.02476	0.00000	0.00000	-0.02512	0.00000	0.00000	-0.02321	0.00000	0.00000	0.00635	0.00000	0.00000
39858	F	J	Chr3	6473946	-0.00000	0.00000	0.00000	-0.00000	0.00000	0.00000	-0.00000	0.00000	0.00000	0.00030	0.00000	0.00000
39869	F	J	Chr3	6484848	-0.02564	0.00000	0.00000	-0.02513	0.00000	0.00000	-0.02513	0.00000	0.00000	0.00587	0.00000	0.00000
39887	F	J	Chr3	6524320	-0.02163	0.00000	0.00000	-0.00414	0.00000	0.00000	-0.00414	0.00000	0.00000	0.00192	0.00000	0.00000
39909	F	J	Chr3	6532913	-0.00000	0.00000	0.00000	-0.00000	0.00000	0.00000	-0.00000	0.00000	0.00000	0.00030	0.00000	0.00000
39990	F	J	Chr3	6622292	-0.01786	0.00000	0.00000	-0.00253	0.00000	0.00000	0.01007	0.00000	0.00000	0.00238	0.00000	0.00000
40043	F	J	Chr3	6659232	0.02244	0.00000	0.00000	0.00305	0.00000	0.00000	0.00305	0.00000	0.00000	0.00139	0.00000	0.00000
40078	F	J	Chr3	6675047	-0.00000	0.00000	0.00000	-0.00000	0.00000	0.00000	-0.00000	0.00000	0.00000	0.00030	0.00000	0.00000
40088	F	J	Chr3	6684111	-0.00000	0.00000	0.00000	-0.00000	0.00000	0.00000	-0.00000	0.00000	0.00000	0.00030	0.00000	0.00000
40102	F	J	Chr3	6691373	-0.00130	0.00000	0.00000	-0.00003	0.00000	0.00000	0.00003	0.00000	0.00000	0.00078	0.00000	0.00000
40120	F	J	Chr3	6708806	-0.00572	0.00000	0.00000	-0.00016	0.00000	0.00000	0.03810	0.00000	0.00000	0.00264	0.00000	0.00000
40130	F	J	Chr3	6720183	0.00391	0.00000	0.00000	0.00043	0.00000	0.00000	0.00463	0.00000	0.00000	0.00172	0.00000	0.00000
40140	F	J	Chr3	6724727	-0.00000	0.00000	0.00000	-0.00000	0.00000	0.00000	-0.00000	0.00000	0.00000	0.00029	0.00000	0.00000
40205	F	J	Chr3	6800261	-0.00130	0.00000	0.00000	-0.00003	0.00000	0.00000	-0.00000	0.00000	0.00000	0.00028	0.00000	0.00000
40207	F	J	Chr3	6800957	-0.00000	0.00000	0.00000	-0.00000	0.00000	0.00000	-0.00000	0.00000	0.00000	0.00029	0.00000	0.00000
40235	F	J	Chr3	6820425	-0.01858	0.00000	0.00000	-0.00149	0.00000	0.00000	-0.00131	0.00000	0.00000	0.00139	0.00000	0.00000
40255	F	J	Chr3	6835381	-0.02857	0.00000	0.00000	-0.00336	0.00000	0.00000	-0.00933	0.00000	0.00000	0.00297	0.00000	0.00000
40262	F	J	Chr3	6836525	0.00137	0.00000	0.00000	0.00004	0.00000	0.00000	0.00276	0.00000	0.00000	0.00088	0.00000	0.00000
40264	F	J	Chr3	6836795	-0.00000	0.00000	0.00000	-0.00000	0.00000	0.00000	-0.00000	0.00000	0.00000	0.00029	0.00000	0.00000
40284	F	J	Chr3	6844221	-0.00000	0.00000	0.00000	-0.00000	0.00000	0.00000	-0.00000	0.00000	0.00000	0.00029	0.00000	0.00000
40294	F	J	Chr3	6856501	-0.00144	0.00000	0.00000	-0.00004	0.00000	0.00000	-0.00269	0.00000	0.00000	0.00169	0.00000	0.00000
40342	F	J	Chr3	6904710	-0.00130	0.00000	0.00000	-0.00003	0.00000	0.00000	0.00003	0.00000	0.00000	0.00085	0.00000	0.00000
40356	F	J	Chr3	6920731	-0.00000	0.00000	0.00000	-0.00000	0.00000	0.00000	-0.00000	0.00000	0.00000	0.00028	0.00000	0.00000
40376	F	J	Chr3	6945527	0.00986	0.00000	0.00000	0.00191	0.00000	0.00000	0.00191	0.00000	0.00000	0.00172	0.00000	0.00000
40410	F	J	Chr3	6986960	0.00137	0.00000	0.00000	0.00004	0.00000	0.00000	-0.00000	0.00000	0.00000	0.00031	0.00000	0.00000
40478	F	J	Chr3	7099659	-0.01579	0.00000	0.00000	-0.00127	0.00000	0.00000	0.00157	0.00000	0.00000	0.00131	0.00000	0.00000
40500	F	J	Chr3	7131225	0.02376	0.00000	0.00000	0.00128	0.00000	0.00000	0.00135	0.00000	0.00000	0.00059	0.00000	0.00000
40507	F	J	Chr3	7141955	0.02564	0.00000	0.00000	0.00135	0.00000	0.00000	0.00135	0.00000	0.00000	0.00059	0.00000	0.00000
40511	F	J	Chr3	7147150	-0.00000	0.00000	0.00000	-0.00000	0.00000	0.00000	-0.00000	0.00000	0.00000	0.00030	0.00000	0.00000
40549	F	J	Chr3	7195940	0.00034	0.00000	0.00000	0.00013	0.00000	0.00000	0.00585	0.00000	0.00000	0.00383	0.00000	0.00000
40578	F	J	Chr3	7224072	-0.00130	0.00000	0.00000	-0.00003	0.00000	0.00000	0.00003	0.00000	0.00000	0.00083	0.00000	0.00000
40589	F	J	Chr3	7228395	0.00137	0.00000	0.00000	0.00004	0.00000	0.00000	-0.00000	0.00000	0.00000	0.00030	0.00000	0.00000
40590	F	J	Chr3	7229440	-0.00139	0.00000	0.00000	-0.00135	0.00000	0.00000	-0.00507	0.00000	0.00000	0.00658	0.00000	0.00000
40602	F	J	Chr3	7240901	-0.01680	0.00000	0.00000	-0.00131	0.00000	0.00000	-0.00131	0.00000	0.00000	0.00085	0.00000	0.00000
40603	F	J	Chr3	7240904	0.05665	0.00000	0.00000	0.00472	0.00000	0.00000	0.01015	0.00000	0.00000	0.00148	0.00000	0.00000
40760	F	J	Chr3	7370404	0.05763	0.00000	0.00000	0.02221	0.00000	0.00000	0.01306	0.00000	0.00000	0.00462	0.00000	0.00000
40799	F	J	Chr3	7401066	-0.00130	0.00000	0.00000	-0.00003	0.00000	0.00000	-0.00000	0.00000	0.00000	0.00029	0.00000	0.00000
40862	F	J	Chr3	7447248	-0.00000	0.00000	0.00000	-0.00000	0.00000	0.00000	-0.00000	0.00000	0.00000	0.00031	0.00000	0.00000
40920	F	J	Chr3	7469745	0.00000	0.00000	0.00000	0.00000	0.00000	0.00000	0.00559	0.00000	0.00000	0.00143	0.00000	0.00000
40933	F	J	Chr3	7472990	0.01957	0.00000	0.00000	0.00839	0.00000	0.00000	0.00439	0.00000	0.00000	0.00505	0.00000	0.00000
40935	F	J	Chr3	7474696	0.05128	0.00000	0.00000	0.00414	0.00000	0.00000	0.00414	0.00000	0.00000	0.00087	0.00000	0.00000
40955	F	J	Chr3	7482626	-0.00000	0.00000	0.00000	-0.00000	0.00000	0.00000	-0.00000	0.00000	0.00000	0.00030	0.00000	0.00000
40966	F	J	Chr3	7498385	-0.00000	0.00000	0.00000	-0.00000	0.00000	0.00000	-0.00000	0.00000	0.00000	0.00028	0.00000	0.00000
41033	F	J	Chr3	7545416	0.00000	0.00000	0.00000	0.00000	0.00000	0.00000	-0.00274	0.00000	0.00000	0.00139	0.00000	0.00000
41099	F	J	Chr3	7585044	-0.00000	0.00000	0.00000	-0.00000	0.00000	0.00000	-0.00000	0.00000	0.00000	0.00030	0.00000	0.00000
41116	F	J	Chr3	7594835	0.00000	0.00000	0.00000	0.00000	0.00000	0.00000	-0.00004	0.00000	0.00000	0.00085	0.00000	0.00000
41195	F	J	Chr3	7674359	-0.00000	0.00000	0.00000	-0.00000	0.00000	0.00000	-0.00000	0.00000	0.00000	0.00028	0.00000	0.00000
41221	F	J	Chr3	7709205	-0.00000	0.00000	0.00000	-0.00000	0.00000	0.00000	-0.00000	0.00000	0.00000	0.00029	0.00000	0.00000
41258	F	J	Chr3	7740365	-0.00000	0.00000	0.00000	-0.00000	0.00000	0.00000	-0.00000	0.00000	0.00000	0.00027	0.00000	0.00000
41271	F	J	Chr3	7750947	-0.02630	0.00000	0.00000	-0.00139	0.00000	0.00000	0.00007	0.00000	0.00000	0.00114	0.00000	0.00000
41312	F	J	Chr3	7777591	-0.00000	0.00000	0.00000	-0.00000	0.00000	0.00000	-0.00000	0.00000	0.00000	0.00028	0.00000	0.00000
41359	F	J	Chr3	7830099	-0.00000	0.00000	0.00000	-0.00000	0.00000	0.00000	-0.00000	0.00000	0.00000	0.00030	0.00000	0.00000
41445	F	J	Chr3	7883559	-0.00000	0.00000	0.00000	-0.00000	0.00000	0.00000	-0.00000	0.00000	0.00000	0.00028	0.00000	0.00000
41543	F	J	Chr3	7979788	-0.00000	0.00000	0.00000	-0.00000	0.00000	0.00000	-0.00000	0.00000	0.00000	0.00029	0.00000	0.00000
41558	F	J	Chr3	8005969	-0.00000	0.00000	0.00000	-0.00000	0.00000	0.00000	-0.00000	0.00000	0.00000	0.00027	0.00000	0.00000
41592	F	J	Chr3	8056223	-0.00000	0.00000	0.00000	-0.00000	0.00000	0.00000	-0.00000	0.00000	0.00000	0.00028	0.00000	0.00000
41601	F	J	Chr3	8066775	-0.00000	0.00000	0.00000	-0.00000	0.00000	0.00000	-0.00000	0.00000	0.00000	0.00030	0.00000	0.00000
41628	F	J	Chr3	8098012	-0.01967	0.00000	0.00000	-0.00167	0.00000	0.00000	0.00454	0.00000	0.00000	0.00206	0.00000	0.00000
41631	F	J	Chr3	8100708	-0.00000	0.00000	0.00000	-0.00000	0.00000	0.00000	-0.00000	0.00000	0.00000	0.00029	0.00000	0.00000
41640	F	J	Chr3	8108350	-0.01721	0.00000	0.00000	-0.00671	0.00000	0.00000	-0.01340	0.00000	0.00000	0.00471	0.00000	0.00000
41647	F	J	Chr3	8119488	-0.01690	0.00000	0.00000	-0.01622	0.00000	0.00000	-0.00069	0.00000	0.00000	0.00623	0.00000	0.00000
41702	F	J	Chr3	8208034	-0.00000	0.00000	0.00000	-0.00000	0.00000	0.00000	-0.00000	0.00000	0.00000	0.00027	0.00000	0.00000
41709	F	J	Chr3	8219592	0.07692	0.00000	0.00000	0.00847	0.00000	0.00000	0.00847	0.00000	0.00000	0.00119	0.00000	0.00000
41714	F	J	Chr3	8227203	-0.00298	0.00000	0.00000	-0.00008	0.00000	0.00000	0.01813	0.00000	0.00000	0.00207	0.00000	0.00000
41747	F	J	Chr3	8251475	-0.00268	0.00000	0.00000	-0.00007	0.00000	0.00000	0.00588	0.00000	0.00000	0.00137	0.00000	0.00000
41756	F	J	Chr3	8258356	-0.00000	0.00000	0.00000	-0.00000	0.00000	0.00000	-0.00000	0.00000	0.00000	0.00030	0.00000	0.00000
41808	F	J	Chr3	8291018	-0.00000	0.00000	0.00000	-0.00000	0.00000	0.00000	-0.00000	0.00000	0.00000	0.00028	0.00000	0.00000
41841	F	J	Chr3	8309562	-0.02206	0.00000	0.00000	-0.00302	0.00000	0.00000	-0.00273	0.00000	0.00000	0.00188	0.00000	0.00000
41872	F	J	Chr3	8339639	-0.00000	0.00000	0.00000	-0.00000	0.00000	0.00000	-0.00000	0.00000	0.00000	0.00030	0.00000	0.00000
41906	F	J	Chr3	8366927	-0.00000	0.00000	0.00000	-0.00000	0.00000	0.00000	-0.00000	0.00000	0.00000	0.00030	0.00000	0.00000
41907	F	J	Chr3	8368193	-0.00000	0.00000	0.00000	-0.00000	0.00000	0.00000	-0.00000	0.00000	0.00000	0.00029	0.00000	0.00000
41934	F	J	Chr3	8387891	0.03304	0.00000	0.00000	0.00479	0.00000	0.00000	0.02266	0.00000	0.00000	0.00255	0.00000	0.00000
41939	F	J	Chr3	8392164	0.02564	0.00000	0.00000	0.00135	0.00000	0.00000	0.00135	0.00000	0.00000	0.00056	0.00000	0.00000
41949	F	J	Chr3	8401707	-0.02564	0.00000	0.00000	-0.00566	0.00000	0.00000	-0.00566	0.00000	0.00000	0.00216	0.00000	0.00000
42008	F	J	Chr3	8467358	0.06379	0.00000	0.00000	0.05129	0.00000	0.00000	0.05129	0.00000	0.00000	0.00508	0.00000	0.00000
42040	F	J	Chr3	8495720	-0.00000	0.00000	0.00000	-0.00000	0.00000	0.00000	-0.00000	0.00000	0.00000	0.00029	0.00000	0.00000
42200	F	J	Chr3	8643302	-0.00000	0.00000	0.00000	-0.00000	0.00000	0.00000	-0.00000	0.00000	0.00000	0.00030	0.00000	0.00000
42229	F	J	Chr3	8687511	0.02564	0.00000	0.00000	0.00135	0.00000	0.00000	0.00135	0.00000	0.00000	0.00060	0.00000	0.00000
42297	F	J	Chr3	8758594	-0.00000	0.00000	0.00000	-0.00000	0.00000	0.00000	-0.00000	0.00000	0.00000	0.00028	0.00000	0.00000
42326	F	J	Chr3	8777443	-0.00130	0.00000	0.00000	-0.00003	0.00000	0.00000	0.00003	0.00000	0.00000	0.00090	0.00000	0.00000
42363	F	J	Chr3	8786867	0.03377	0.00000	0.00000	0.00856	0.00000	0.00000	0.00215	0.00000	0.00000	0.00414	0.00000	0.00000
42385	F	J	Chr3	8813563	-0.00140	0.00000	0.00000	-0.00039	0.00000	0.00000	-0.00567	0.00000	0.00000	0.00384	0.00000	0.00000
42409	F	J	Chr3	8829752	-0.00000	0.00000	0.00000	-0.00000	0.00000	0.00000	-0.00000	0.00000	0.00000	0.00030	0.00000	0.00000
42454	F	J	Chr3	8869646	-0.00130	0.00000	0.00000	-0.00003	0.00000	0.00000	0.00003	0.00000	0.00000	0.00085	0.00000	0.00000
42459	F	J	Chr3	8876766	-0.00000	0.00000	0.00000	-0.00000	0.00000	0.00000	-0.00000	0.00000	0.00000	0.00028	0.00000	0.00000
42467	F	J	Chr3	8883575	-0.00000	0.00000	0.00000	-0.00000	0.00000	0.00000	-0.00000	0.00000	0.00000	0.00028	0.00000	0.00000
42506	F	J	Chr3	8935882	-0.00000	0.00000	0.00000	-0.00000	0.00000	0.00000	-0.00000	0.00000	0.00000	0.00028	0.00000	0.00000
42532	F	J	Chr3	8959150	0.02244	0.00000	0.00000	0.00305	0.00000	0.00000	0.00305	0.00000	0.00000	0.00141	0.00000	0.00000
42555	F	J	Chr3	8972976	-0.00000	0.00000	0.00000	-0.00000	0.00000	0.00000	-0.00000	0.00000	0.00000	0.00029	0.00000	0.00000
42565	F	J	Chr3	8977220	-0.00130	0.00000	0.00000	-0.00003	0.00000	0.00000	-0.00000	0.00000	0.00000	0.00030	0.00000	0.00000
42569	F	J	Chr3	8978933	-0.00000	0.00000	0.00000	-0.00000	0.00000	0.00000	-0.00000	0.00000	0.00000	0.00030	0.00000	0.00000
42623	F	J	Chr3	9044706	0.01292	0.00000	0.00000	0.00160	0.00000	0.00000	0.01829	0.00000	0.00000	0.00318	0.00000	0.00000
42649	F	J	Chr3	9067024	-0.00000	0.00000	0.00000	-0.00000	0.00000	0.00000	-0.00000	0.00000	0.00000	0.00028	0.00000	0.00000
42661	F	J	Chr3	9071809	-0.01919	0.00000	0.00000	-0.00264	0.00000	0.00000	0.00031	0.00000	0.00000	0.00193	0.00000	0.00000
42672	F	J	Chr3	9088582	-0.00000	0.00000	0.00000	-0.00000	0.00000	0.00000	-0.00000	0.00000	0.00000	0.00028	0.00000	0.00000
42744	F	J	Chr3	9153432	-0.00130	0.00000	0.00000	-0.00003	0.00000	0.00000	0.00003	0.00000	0.00000	0.00090	0.00000	0.00000
42756	F	J	Chr3	9157959	-0.02745	0.00000	0.00000	-0.01230	0.00000	0.00000	-0.01315	0.00000	0.00000	0.00483	0.00000	0.00000
42770	F	J	Chr3	9171802	-0.03030	0.00000	0.00000	-0.00584	0.00000	0.00000	-0.01537	0.00000	0.00000	0.00440	0.00000	0.00000
42800	F	J	Chr3	9194008	-0.00000	0.00000	0.00000	-0.00000	0.00000	0.00000	-0.00000	0.00000	0.00000	0.00030	0.00000	0.00000
42838	F	J	Chr3	9223365	0.10256	0.00000	0.00000	0.01444	0.00000	0.00000	0.01444	0.00000	0.00000	0.00146	0.00000	0.00000
42879	F	J	Chr3	9257286	0.02244	0.00000	0.00000	0.00305	0.00000	0.00000	0.00305	0.00000	0.00000	0.00142	0.00000	0.00000
42882	F	J	Chr3	9259188	-0.02857	0.00000	0.00000	-0.00906	0.00000	0.00000	-0.01554	0.00000	0.00000	0.00423	0.00000	0.00000
42897	F	J	Chr3	9289213	-0.02564	0.00000	0.00000	-0.00132	0.00000	0.00000	-0.00132	0.00000	0.00000	0.00056	0.00000	0.00000
43013	F	J	Chr3	9396334	-0.00000	0.00000	0.00000	-0.00000	0.00000	0.00000	-0.00000	0.00000	0.00000	0.00029	0.00000	0.00000
43038	F	J	Chr3	9404733	-0.01768	0.00000	0.00000	-0.00413	0.00000	0.00000	0.00109	0.00000	0.00000	0.00304	0.00000	0.00000
43049	F	J	Chr3	9408288	-0.00000	0.00000	0.00000	-0.00000	0.00000	0.00000	-0.00000	0.00000	0.00000	0.00029	0.00000	0.00000
43064	F	J	Chr3	9422460	0.01055	0.00000	0.00000	0.00216	0.00000	0.00000	-0.00081	0.00000	0.00000	0.00275	0.00000	0.00000
43164	F	J	Chr3	9531891	0.00000	0.00000	0.00000	0.00000	0.00000	0.00000	-0.00004	0.00000	0.00000	0.00091	0.00000	0.00000
43167	F	J	Chr3	9542905	0.06073	0.00000	0.00000	0.05208	0.00000	0.00000	0.05208	0.00000	0.00000	0.00577	0.00000	0.00000
43206	F	J	Chr3	9585453	0.00137	0.00000	0.00000	0.00004	0.00000	0.00000	0.00276	0.00000	0.00000	0.00089	0.00000	0.00000
43308	F	J	Chr3	9714054	-0.00000	0.00000	0.00000	-0.00000	0.00000	0.00000	-0.00000	0.00000	0.00000	0.00028	0.00000	0.00000
43422	F	J	Chr3	9834741	-0.00000	0.00000	0.00000	-0.00000	0.00000	0.00000	-0.00000	0.00000	0.00000	0.00030	0.00000	0.00000
43447	F	J	Chr3	9866025	-0.02695	0.00000	0.00000	-0.00146	0.00000	0.00000	0.00756	0.00000	0.00000	0.00176	0.00000	0.00000
43450	F	J	Chr3	9867948	0.12433	0.00000	0.00000	0.02193	0.00000	0.00000	0.01586	0.00000	0.00000	0.00223	0.00000	0.00000
43582	F	J	Chr3	10051634	-0.00415	0.00000	0.00000	-0.00011	0.00000	0.00000	0.01834	0.00000	0.00000	0.00203	0.00000	0.00000
43648	F	J	Chr3	10080790	-0.02564	0.00000	0.00000	-0.00415	0.00000	0.00000	-0.00415	0.00000	0.00000	0.00159	0.00000	0.00000
43651	F	J	Chr3	10086909	-0.02564	0.00000	0.00000	-0.00132	0.00000	0.00000	-0.00132	0.00000	0.00000	0.00056	0.00000	0.00000
43752	F	J	Chr3	10181023	-0.02044	0.00000	0.00000	-0.00168	0.00000	0.00000	-0.00130	0.00000	0.00000	0.00145	0.00000	0.00000
43760	F	J	Chr3	10183904	-0.02392	0.00000	0.00000	-0.02086	0.00000	0.00000	-0.01977	0.00000	0.00000	0.00552	0.00000	0.00000
43863	F	J	Chr3	10337404	-0.00000	0.00000	0.00000	-0.00000	0.00000	0.00000	-0.00000	0.00000	0.00000	0.00025	0.00000	0.00000
43866	F	J	Chr3	10340387	-0.00000	0.00000	0.00000	-0.00000	0.00000	0.00000	-0.00000	0.00000	0.00000	0.00029	0.00000	0.00000
43878	F	J	Chr3	10379409	-0.00000	0.00000	0.00000	-0.00000	0.00000	0.00000	-0.00000	0.00000	0.00000	0.00029	0.00000	0.00000
43918	F	J	Chr3	10457387	-0.00000	0.00000	0.00000	-0.00000	0.00000	0.00000	-0.00000	0.00000	0.00000	0.00030	0.00000	0.00000
43965	F	J	Chr3	10520271	-0.00000	0.00000	0.00000	-0.00000	0.00000	0.00000	-0.00000	0.00000	0.00000	0.00028	0.00000	0.00000
43969	F	J	Chr3	10522883	-0.00000	0.00000	0.00000	-0.00000	0.00000	0.00000	-0.00000	0.00000	0.00000	0.00028	0.00000	0.00000
43994	F	J	Chr3	10567156	-0.00000	0.00000	0.00000	-0.00000	0.00000	0.00000	-0.00000	0.00000	0.00000	0.00028	0.00000	0.00000
44012	F	J	Chr3	10614274	-0.00000	0.00000	0.00000	-0.00000	0.00000	0.00000	-0.00000	0.00000	0.00000	0.00030	0.00000	0.00000
44013	F	J	Chr3	10616869	-0.00000	0.00000	0.00000	-0.00000	0.00000	0.00000	-0.00000	0.00000	0.00000	0.00028	0.00000	0.00000
44080	F	J	Chr3	10748565	-0.00000	0.00000	0.00000	-0.00000	0.00000	0.00000	-0.00000	0.00000	0.00000	0.00030	0.00000	0.00000
44261	F	J	Chr3	11005837	-0.00000	0.00000	0.00000	-0.00000	0.00000	0.00000	-0.00000	0.00000	0.00000	0.00030	0.00000	0.00000
44299	F	J	Chr3	11049189	0.00285	0.00000	0.00000	0.00072	0.00000	0.00000	0.00072	0.00000	0.00000	0.00232	0.00000	0.00000
44305	F	J	Chr3	11060137	-0.02564	0.00000	0.00000	-0.01392	0.00000	0.00000	-0.01392	0.00000	0.00000	0.00409	0.00000	0.00000
44308	F	J	Chr3	11062357	-0.02490	0.00000	0.00000	-0.00803	0.00000	0.00000	-0.00735	0.00000	0.00000	0.00328	0.00000	0.00000
44310	F	J	Chr3	11062959	-0.02756	0.00000	0.00000	-0.00848	0.00000	0.00000	-0.00941	0.00000	0.00000	0.00418	0.00000	0.00000
44312	F	J	Chr3	11066574	0.01342	0.00000	0.00000	0.00363	0.00000	0.00000	0.02240	0.00000	0.00000	0.00342	0.00000	0.00000
44373	F	J	Chr3	11176224	-0.00000	0.00000	0.00000	-0.00000	0.00000	0.00000	-0.00000	0.00000	0.00000	0.00029	0.00000	0.00000
44422	F	J	Chr3	11229773	-0.00000	0.00000	0.00000	-0.00000	0.00000	0.00000	-0.00000	0.00000	0.00000	0.00029	0.00000	0.00000
44442	F	J	Chr3	11267734	0.00297	0.00000	0.00000	0.00008	0.00000	0.00000	-0.00000	0.00000	0.00000	0.00032	0.00000	0.00000
44469	F	J	Chr3	11303959	0.00000	0.00000	0.00000	0.00000	0.00000	0.00000	0.00276	0.00000	0.00000	0.00092	0.00000	0.00000
44490	F	J	Chr3	11323576	-0.01680	0.00000	0.00000	-0.00131	0.00000	0.00000	-0.00131	0.00000	0.00000	0.00087	0.00000	0.00000
44500	F	J	Chr3	11337213	-0.00000	0.00000	0.00000	-0.00000	0.00000	0.00000	-0.00000	0.00000	0.00000	0.00029	0.00000	0.00000
44527	F	J	Chr3	11351451	-0.00462	0.00000	0.00000	-0.00014	0.00000	0.00000	0.03784	0.00000	0.00000	0.00272	0.00000	0.00000
44563	F	J	Chr3	11384053	-0.02432	0.00000	0.00000	-0.02344	0.00000	0.00000	-0.02344	0.00000	0.00000	0.00562	0.00000	0.00000
44598	F	J	Chr3	11408940	0.07692	0.00000	0.00000	0.00847	0.00000	0.00000	0.00847	0.00000	0.00000	0.00115	0.00000	0.00000
44605	F	J	Chr3	11412717	-0.00000	0.00000	0.00000	-0.00000	0.00000	0.00000	-0.00000	0.00000	0.00000	0.00029	0.00000	0.00000
44701	F	J	Chr3	11544914	-0.00130	0.00000	0.00000	-0.00003	0.00000	0.00000	-0.00000	0.00000	0.00000	0.00028	0.00000	0.00000
44707	F	J	Chr3	11547713	-0.02564	0.00000	0.00000	-0.00132	0.00000	0.00000	-0.00132	0.00000	0.00000	0.00059	0.00000	0.00000
44725	F	J	Chr3	11567933	-0.01955	0.00000	0.00000	-0.01444	0.00000	0.00000	-0.01444	0.00000	0.00000	0.00512	0.00000	0.00000
44766	F	J	Chr3	11587906	0.00137	0.00000	0.00000	0.00004	0.00000	0.00000	-0.00000	0.00000	0.00000	0.00031	0.00000	0.00000
44870	F	J	Chr3	11660472	-0.00000	0.00000	0.00000	-0.00000	0.00000	0.00000	-0.00000	0.00000	0.00000	0.00027	0.00000	0.00000
44888	F	J	Chr3	11671797	-0.02564	0.00000	0.00000	-0.02632	0.00000	0.00000	-0.02632	0.00000	0.00000	0.00600	0.00000	0.00000
44933	F	J	Chr3	11732135	0.00137	0.00000	0.00000	0.00004	0.00000	0.00000	0.00276	0.00000	0.00000	0.00091	0.00000	0.00000
44978	F	J	Chr3	11769592	0.05405	0.00000	0.00000	0.00461	0.00000	0.00000	0.01015	0.00000	0.00000	0.00145	0.00000	0.00000
44982	F	J	Chr3	11771614	-0.00000	0.00000	0.00000	-0.00000	0.00000	0.00000	-0.00000	0.00000	0.00000	0.00029	0.00000	0.00000
45065	F	J	Chr3	11825981	-0.00000	0.00000	0.00000	-0.00000	0.00000	0.00000	-0.00000	0.00000	0.00000	0.00030	0.00000	0.00000
45080	F	J	Chr3	11839769	-0.00000	0.00000	0.00000	-0.00000	0.00000	0.00000	-0.00000	0.00000	0.00000	0.00029	0.00000	0.00000
45125	F	J	Chr3	11852481	-0.02551	0.00000	0.00000	-0.01163	0.00000	0.00000	-0.01068	0.00000	0.00000	0.00378	0.00000	0.00000
45143	F	J	Chr3	11866022	0.00137	0.00000	0.00000	0.00004	0.00000	0.00000	-0.00000	0.00000	0.00000	0.00029	0.00000	0.00000
45169	F	J	Chr3	11873588	-0.02626	0.00000	0.00000	-0.00284	0.00000	0.00000	-0.00127	0.00000	0.00000	0.00169	0.00000	0.00000
45191	F	J	Chr3	11882270	-0.02771	0.00000	0.00000	-0.00758	0.00000	0.00000	0.01673	0.00000	0.00000	0.00398	0.00000	0.00000
45220	F	J	Chr3	11892174	-0.02278	0.00000	0.00000	-0.00461	0.00000	0.00000	-0.00758	0.00000	0.00000	0.00292	0.00000	0.00000
45312	F	J	Chr3	11956115	-0.00000	0.00000	0.00000	-0.00000	0.00000	0.00000	-0.00000	0.00000	0.00000	0.00030	0.00000	0.00000
45333	F	J	Chr3	11971651	0.00421	0.00000	0.00000	0.00138	0.00000	0.00000	0.00372	0.00000	0.00000	0.00371	0.00000	0.00000
45350	F	J	Chr3	11991688	-0.02668	0.00000	0.00000	-0.02377	0.00000	0.00000	-0.01179	0.00000	0.00000	0.00630	0.00000	0.00000
45353	F	J	Chr3	11995451	-0.02864	0.00000	0.00000	-0.02930	0.00000	0.00000	-0.01820	0.00000	0.00000	0.00681	0.00000	0.00000
45366	F	J	Chr3	12014390	-0.00000	0.00000	0.00000	-0.00000	0.00000	0.00000	-0.00000	0.00000	0.00000	0.00029	0.00000	0.00000
45384	F	J	Chr3	12027492	-0.00000	0.00000	0.00000	-0.00000	0.00000	0.00000	-0.00000	0.00000	0.00000	0.00027	0.00000	0.00000
45416	F	J	Chr3	12046932	0.00367	0.00000	0.00000	0.00200	0.00000	0.00000	0.02184	0.00000	0.00000	0.00510	0.00000	0.00000
45496	F	J	Chr3	12153144	-0.00000	0.00000	0.00000	-0.00000	0.00000	0.00000	-0.00000	0.00000	0.00000	0.00030	0.00000	0.00000
45561	F	J	Chr3	12207743	-0.00000	0.00000	0.00000	-0.00000	0.00000	0.00000	-0.00000	0.00000	0.00000	0.00030	0.00000	0.00000
45565	F	J	Chr3	12209223	-0.00130	0.00000	0.00000	-0.00003	0.00000	0.00000	0.00003	0.00000	0.00000	0.00077	0.00000	0.00000
45571	F	J	Chr3	12212771	-0.00000	0.00000	0.00000	-0.00000	0.00000	0.00000	-0.00000	0.00000	0.00000	0.00027	0.00000	0.00000
45603	F	J	Chr3	12244437	0.02495	0.00000	0.00000	0.00142	0.00000	0.00000	-0.00157	0.00000	0.00000	0.00172	0.00000	0.00000
45607	F	J	Chr3	12245403	0.05665	0.00000	0.00000	0.00472	0.00000	0.00000	0.01015	0.00000	0.00000	0.00152	0.00000	0.00000
45626	F	J	Chr3	12251567	0.04860	0.00000	0.00000	0.00436	0.00000	0.00000	-0.00116	0.00000	0.00000	0.00248	0.00000	0.00000
45633	F	J	Chr3	12256074	-0.02618	0.00000	0.00000	-0.00594	0.00000	0.00000	-0.00415	0.00000	0.00000	0.00267	0.00000	0.00000
45636	F	J	Chr3	12256987	-0.00000	0.00000	0.00000	-0.00000	0.00000	0.00000	-0.00000	0.00000	0.00000	0.00029	0.00000	0.00000
45649	F	J	Chr3	12266245	0.04035	0.00000	0.00000	0.00247	0.00000	0.00000	0.05949	0.00000	0.00000	0.00286	0.00000	0.00000
45654	F	J	Chr3	12267660	0.02115	0.00000	0.00000	0.01090	0.00000	0.00000	0.01090	0.00000	0.00000	0.00397	0.00000	0.00000
45664	F	J	Chr3	12269537	-0.00130	0.00000	0.00000	-0.00003	0.00000	0.00000	0.00003	0.00000	0.00000	0.00086	0.00000	0.00000
45712	F	J	Chr3	12325882	-0.00000	0.00000	0.00000	-0.00000	0.00000	0.00000	-0.00000	0.00000	0.00000	0.00030	0.00000	0.00000
45765	F	J	Chr3	12382625	-0.02564	0.00000	0.00000	-0.00132	0.00000	0.00000	-0.00132	0.00000	0.00000	0.00054	0.00000	0.00000
45781	F	J	Chr3	12394840	-0.00130	0.00000	0.00000	-0.00003	0.00000	0.00000	0.00003	0.00000	0.00000	0.00090	0.00000	0.00000
45788	F	J	Chr3	12395557	-0.02518	0.00000	0.00000	-0.02555	0.00000	0.00000	-0.02321	0.00000	0.00000	0.00548	0.00000	0.00000
45789	F	J	Chr3	12395560	-0.00000	0.00000	0.00000	-0.00000	0.00000	0.00000	-0.00000	0.00000	0.00000	0.00028	0.00000	0.00000
45818	F	J	Chr3	12410400	0.02564	0.00000	0.00000	0.00135	0.00000	0.00000	0.00135	0.00000	0.00000	0.00055	0.00000	0.00000
45837	F	J	Chr3	12428850	-0.00144	0.00000	0.00000	-0.00004	0.00000	0.00000	0.00574	0.00000	0.00000	0.00145	0.00000	0.00000
45903	F	J	Chr3	12495647	-0.01858	0.00000	0.00000	-0.00149	0.00000	0.00000	-0.00131	0.00000	0.00000	0.00144	0.00000	0.00000
45906	F	J	Chr3	12500751	-0.02630	0.00000	0.00000	-0.00139	0.00000	0.00000	0.00007	0.00000	0.00000	0.00116	0.00000	0.00000
45933	F	J	Chr3	12526423	-0.00000	0.00000	0.00000	-0.00000	0.00000	0.00000	-0.00000	0.00000	0.00000	0.00028	0.00000	0.00000
45969	F	J	Chr3	12581417	-0.00000	0.00000	0.00000	-0.00000	0.00000	0.00000	-0.00000	0.00000	0.00000	0.00029	0.00000	0.00000
45993	F	J	Chr3	12612444	-0.00000	0.00000	0.00000	-0.00000	0.00000	0.00000	-0.00000	0.00000	0.00000	0.00029	0.00000	0.00000
45999	F	J	Chr3	12621092	-0.00000	0.00000	0.00000	-0.00000	0.00000	0.00000	-0.00000	0.00000	0.00000	0.00029	0.00000	0.00000
46055	F	J	Chr3	12683484	-0.02564	0.00000	0.00000	-0.00270	0.00000	0.00000	-0.00270	0.00000	0.00000	0.00114	0.00000	0.00000
46062	F	J	Chr3	12689262	-0.00000	0.00000	0.00000	-0.00000	0.00000	0.00000	-0.00000	0.00000	0.00000	0.00029	0.00000	0.00000
46096	F	J	Chr3	12742234	-0.02630	0.00000	0.00000	-0.00139	0.00000	0.00000	-0.00139	0.00000	0.00000	0.00059	0.00000	0.00000
46132	F	J	Chr3	12792440	-0.02564	0.00000	0.00000	-0.00132	0.00000	0.00000	-0.00132	0.00000	0.00000	0.00059	0.00000	0.00000
46152	F	J	Chr3	12802867	-0.00000	0.00000	0.00000	-0.00000	0.00000	0.00000	-0.00000	0.00000	0.00000	0.00030	0.00000	0.00000
46193	F	J	Chr3	12866546	-0.01737	0.00000	0.00000	-0.00479	0.00000	0.00000	0.02774	0.00000	0.00000	0.00417	0.00000	0.00000
46229	F	J	Chr3	12923114	-0.00733	0.00000	0.00000	-0.00119	0.00000	0.00000	-0.00119	0.00000	0.00000	0.00168	0.00000	0.00000
46246	F	J	Chr3	12941094	-0.02564	0.00000	0.00000	-0.00132	0.00000	0.00000	-0.00132	0.00000	0.00000	0.00059	0.00000	0.00000
46297	F	J	Chr3	13004129	-0.00000	0.00000	0.00000	-0.00000	0.00000	0.00000	-0.00000	0.00000	0.00000	0.00030	0.00000	0.00000
46341	F	J	Chr3	13078385	-0.02564	0.00000	0.00000	-0.00132	0.00000	0.00000	-0.00132	0.00000	0.00000	0.00059	0.00000	0.00000
46406	F	J	Chr3	13153432	-0.02564	0.00000	0.00000	-0.00566	0.00000	0.00000	-0.00566	0.00000	0.00000	0.00206	0.00000	0.00000
46408	F	J	Chr3	13154974	-0.02564	0.00000	0.00000	-0.00132	0.00000	0.00000	-0.00132	0.00000	0.00000	0.00057	0.00000	0.00000
46412	F	J	Chr3	13157340	-0.02355	0.00000	0.00000	-0.00463	0.00000	0.00000	-0.00421	0.00000	0.00000	0.00249	0.00000	0.00000
46417	F	J	Chr3	13163670	-0.02695	0.00000	0.00000	-0.00146	0.00000	0.00000	0.00024	0.00000	0.00000	0.00117	0.00000	0.00000
46436	F	J	Chr3	13178695	0.02564	0.00000	0.00000	0.00135	0.00000	0.00000	0.00135	0.00000	0.00000	0.00059	0.00000	0.00000
46478	F	J	Chr3	13229632	-0.00000	0.00000	0.00000	-0.00000	0.00000	0.00000	-0.00000	0.00000	0.00000	0.00029	0.00000	0.00000
46501	F	J	Chr3	13256788	-0.01680	0.00000	0.00000	-0.00131	0.00000	0.00000	-0.00131	0.00000	0.00000	0.00085	0.00000	0.00000
46547	F	J	Chr3	13330783	-0.00000	0.00000	0.00000	-0.00000	0.00000	0.00000	-0.00000	0.00000	0.00000	0.00029	0.00000	0.00000
46561	F	J	Chr3	13356167	-0.00000	0.00000	0.00000	-0.00000	0.00000	0.00000	-0.00000	0.00000	0.00000	0.00029	0.00000	0.00000
46610	F	J	Chr3	13420667	-0.00000	0.00000	0.00000	-0.00000	0.00000	0.00000	-0.00000	0.00000	0.00000	0.00029	0.00000	0.00000
46637	F	J	Chr3	13461011	-0.00000	0.00000	0.00000	-0.00000	0.00000	0.00000	-0.00000	0.00000	0.00000	0.00029	0.00000	0.00000
46690	F	J	Chr3	13519825	0.05128	0.00000	0.00000	0.00414	0.00000	0.00000	0.00414	0.00000	0.00000	0.00091	0.00000	0.00000
46693	F	J	Chr3	13526106	-0.00000	0.00000	0.00000	-0.00000	0.00000	0.00000	-0.00000	0.00000	0.00000	0.00029	0.00000	0.00000
46724	F	J	Chr3	13575997	-0.00000	0.00000	0.00000	-0.00000	0.00000	0.00000	-0.00000	0.00000	0.00000	0.00027	0.00000	0.00000
46738	F	J	Chr3	13601282	-0.02618	0.00000	0.00000	-0.00594	0.00000	0.00000	-0.00415	0.00000	0.00000	0.00249	0.00000	0.00000
46768	F	J	Chr3	13659828	0.00137	0.00000	0.00000	0.00004	0.00000	0.00000	-0.00000	0.00000	0.00000	0.00032	0.00000	0.00000
46817	F	J	Chr3	13736429	-0.00000	0.00000	0.00000	-0.00000	0.00000	0.00000	-0.00000	0.00000	0.00000	0.00028	0.00000	0.00000
46875	F	J	Chr3	13831241	0.00000	0.00000	0.00000	0.00000	0.00000	0.00000	-0.00274	0.00000	0.00000	0.00141	0.00000	0.00000
46877	F	J	Chr3	13835445	-0.00000	0.00000	0.00000	-0.00000	0.00000	0.00000	-0.00000	0.00000	0.00000	0.00029	0.00000	0.00000
46911	F	J	Chr3	13871359	-0.00320	0.00000	0.00000	-0.00169	0.00000	0.00000	0.00396	0.00000	0.00000	0.00460	0.00000	0.00000
46930	F	J	Chr3	13884025	-0.00000	0.00000	0.00000	-0.00000	0.00000	0.00000	-0.00000	0.00000	0.00000	0.00029	0.00000	0.00000
46937	F	J	Chr3	13891178	-0.01737	0.00000	0.00000	-0.00479	0.00000	0.00000	0.02774	0.00000	0.00000	0.00359	0.00000	0.00000
47032	F	J	Chr3	14013333	-0.00000	0.00000	0.00000	-0.00000	0.00000	0.00000	-0.00000	0.00000	0.00000	0.00029	0.00000	0.00000
47089	F	J	Chr3	14071461	-0.00000	0.00000	0.00000	-0.00000	0.00000	0.00000	-0.00000	0.00000	0.00000	0.00028	0.00000	0.00000
47090	F	J	Chr3	14071464	-0.00201	0.00000	0.00000	-0.00042	0.00000	0.00000	0.01365	0.00000	0.00000	0.00329	0.00000	0.00000
47153	F	J	Chr3	14107379	-0.00000	0.00000	0.00000	-0.00000	0.00000	0.00000	-0.00000	0.00000	0.00000	0.00028	0.00000	0.00000
47165	F	J	Chr3	14116551	-0.00000	0.00000	0.00000	-0.00000	0.00000	0.00000	-0.00000	0.00000	0.00000	0.00029	0.00000	0.00000
47184	F	J	Chr3	14131231	-0.01453	0.00000	0.00000	-0.00120	0.00000	0.00000	0.01085	0.00000	0.00000	0.00197	0.00000	0.00000
47197	F	J	Chr3	14142117	-0.00130	0.00000	0.00000	-0.00003	0.00000	0.00000	-0.00000	0.00000	0.00000	0.00029	0.00000	0.00000
47203	F	J	Chr3	14150910	-0.00000	0.00000	0.00000	-0.00000	0.00000	0.00000	-0.00000	0.00000	0.00000	0.00028	0.00000	0.00000
47236	F	J	Chr3	14181280	0.02564	0.00000	0.00000	0.00135	0.00000	0.00000	0.00135	0.00000	0.00000	0.00060	0.00000	0.00000
47262	F	J	Chr3	14214756	-0.02564	0.00000	0.00000	-0.00132	0.00000	0.00000	-0.00132	0.00000	0.00000	0.00055	0.00000	0.00000
47278	F	J	Chr3	14236149	-0.00000	0.00000	0.00000	-0.00000	0.00000	0.00000	-0.00000	0.00000	0.00000	0.00028	0.00000	0.00000
47302	F	J	Chr3	14268523	-0.00000	0.00000	0.00000	-0.00000	0.00000	0.00000	-0.00000	0.00000	0.00000	0.00029	0.00000	0.00000
47310	F	J	Chr3	14279709	-0.00130	0.00000	0.00000	-0.00003	0.00000	0.00000	-0.00000	0.00000	0.00000	0.00026	0.00000	0.00000
47326	F	J	Chr3	14292696	-0.00130	0.00000	0.00000	-0.00003	0.00000	0.00000	0.00003	0.00000	0.00000	0.00089	0.00000	0.00000
47465	F	J	Chr3	14394218	0.07469	0.00000	0.00000	0.02182	0.00000	0.00000	0.02182	0.00000	0.00000	0.00276	0.00000	0.00000
47551	F	J	Chr3	14473851	-0.00000	0.00000	0.00000	-0.00000	0.00000	0.00000	-0.00000	0.00000	0.00000	0.00029	0.00000	0.00000
47613	F	J	Chr3	14564599	0.02564	0.00000	0.00000	0.00135	0.00000	0.00000	0.00135	0.00000	0.00000	0.00056	0.00000	0.00000
47622	F	J	Chr3	14573177	-0.00000	0.00000	0.00000	-0.00000	0.00000	0.00000	-0.00000	0.00000	0.00000	0.00030	0.00000	0.00000
47628	F	J	Chr3	14585498	-0.00000	0.00000	0.00000	-0.00000	0.00000	0.00000	-0.00000	0.00000	0.00000	0.00028	0.00000	0.00000
47657	F	J	Chr3	14635515	-0.00000	0.00000	0.00000	-0.00000	0.00000	0.00000	-0.00000	0.00000	0.00000	0.00028	0.00000	0.00000
47664	F	J	Chr3	14656295	0.02376	0.00000	0.00000	0.00128	0.00000	0.00000	0.00135	0.00000	0.00000	0.00059	0.00000	0.00000
47679	F	J	Chr3	14682441	-0.00000	0.00000	0.00000	-0.00000	0.00000	0.00000	-0.00000	0.00000	0.00000	0.00030	0.00000	0.00000
47839	F	J	Chr3	14952381	-0.00000	0.00000	0.00000	-0.00000	0.00000	0.00000	-0.00000	0.00000	0.00000	0.00029	0.00000	0.00000
48050	F	J	Chr3	15229391	-0.00130	0.00000	0.00000	-0.00003	0.00000	0.00000	-0.00000	0.00000	0.00000	0.00030	0.00000	0.00000
48057	F	J	Chr3	15234852	-0.02630	0.00000	0.00000	-0.00139	0.00000	0.00000	-0.00139	0.00000	0.00000	0.00059	0.00000	0.00000
48099	F	J	Chr3	15282606	-0.00000	0.00000	0.00000	-0.00000	0.00000	0.00000	-0.00000	0.00000	0.00000	0.00028	0.00000	0.00000
48124	F	J	Chr3	15317407	-0.01992	0.00000	0.00000	-0.00429	0.00000	0.00000	0.02640	0.00000	0.00000	0.00370	0.00000	0.00000
48184	F	J	Chr3	15382231	0.07399	0.00000	0.00000	0.00834	0.00000	0.00000	0.00463	0.00000	0.00000	0.00178	0.00000	0.00000
48235	F	J	Chr3	15431427	-0.00000	0.00000	0.00000	-0.00000	0.00000	0.00000	-0.00000	0.00000	0.00000	0.00029	0.00000	0.00000
48252	F	J	Chr3	15443056	-0.02689	0.00000	0.00000	-0.02378	0.00000	0.00000	0.00732	0.00000	0.00000	0.00595	0.00000	0.00000
48296	F	J	Chr3	15478194	0.02244	0.00000	0.00000	0.00305	0.00000	0.00000	0.00305	0.00000	0.00000	0.00144	0.00000	0.00000
48324	F	J	Chr3	15532961	-0.00000	0.00000	0.00000	-0.00000	0.00000	0.00000	-0.00000	0.00000	0.00000	0.00026	0.00000	0.00000
48388	F	J	Chr3	15607109	-0.01680	0.00000	0.00000	-0.00131	0.00000	0.00000	-0.00131	0.00000	0.00000	0.00087	0.00000	0.00000
48389	F	J	Chr3	15607112	-0.02377	0.00000	0.00000	-0.02122	0.00000	0.00000	-0.00645	0.00000	0.00000	0.00617	0.00000	0.00000
48395	F	J	Chr3	15608450	-0.00000	0.00000	0.00000	-0.00000	0.00000	0.00000	-0.00000	0.00000	0.00000	0.00029	0.00000	0.00000
48410	F	J	Chr3	15625264	-0.00000	0.00000	0.00000	-0.00000	0.00000	0.00000	-0.00000	0.00000	0.00000	0.00029	0.00000	0.00000
48420	F	J	Chr3	15633776	0.02564	0.00000	0.00000	0.00135	0.00000	0.00000	0.00135	0.00000	0.00000	0.00060	0.00000	0.00000
48440	F	J	Chr3	15655164	-0.00000	0.00000	0.00000	-0.00000	0.00000	0.00000	-0.00000	0.00000	0.00000	0.00027	0.00000	0.00000
48445	F	J	Chr3	15663467	-0.02244	0.00000	0.00000	-0.00564	0.00000	0.00000	-0.00564	0.00000	0.00000	0.00237	0.00000	0.00000
48499	F	J	Chr3	15723302	-0.00268	0.00000	0.00000	-0.00007	0.00000	0.00000	0.00588	0.00000	0.00000	0.00147	0.00000	0.00000
48652	F	J	Chr3	15849419	-0.00000	0.00000	0.00000	-0.00000	0.00000	0.00000	-0.00000	0.00000	0.00000	0.00030	0.00000	0.00000
48758	F	J	Chr3	15971993	-0.00000	0.00000	0.00000	-0.00000	0.00000	0.00000	-0.00000	0.00000	0.00000	0.00028	0.00000	0.00000
48760	F	J	Chr3	15972387	-0.02540	0.00000	0.00000	-0.00513	0.00000	0.00000	0.00256	0.00000	0.00000	0.00300	0.00000	0.00000
48798	F	J	Chr3	16000817	-0.00000	0.00000	0.00000	-0.00000	0.00000	0.00000	-0.00000	0.00000	0.00000	0.00030	0.00000	0.00000
48815	F	J	Chr3	16019660	-0.01579	0.00000	0.00000	-0.00147	0.00000	0.00000	0.00761	0.00000	0.00000	0.00392	0.00000	0.00000
48823	F	J	Chr3	16028458	0.04060	0.00000	0.00000	0.01614	0.00000	0.00000	0.02410	0.00000	0.00000	0.00385	0.00000	0.00000
48828	F	J	Chr3	16041397	-0.00000	0.00000	0.00000	-0.00000	0.00000	0.00000	-0.00000	0.00000	0.00000	0.00030	0.00000	0.00000
48842	F	J	Chr3	16051597	-0.00000	0.00000	0.00000	-0.00000	0.00000	0.00000	-0.00000	0.00000	0.00000	0.00028	0.00000	0.00000
49028	F	J	Chr3	16238757	-0.00000	0.00000	0.00000	-0.00000	0.00000	0.00000	-0.00000	0.00000	0.00000	0.00030	0.00000	0.00000
49071	F	J	Chr3	16287932	-0.00000	0.00000	0.00000	-0.00000	0.00000	0.00000	-0.00000	0.00000	0.00000	0.00030	0.00000	0.00000
49090	F	J	Chr3	16309290	0.02497	0.00000	0.00000	0.01022	0.00000	0.00000	0.01164	0.00000	0.00000	0.00534	0.00000	0.00000
49143	F	J	Chr3	16364554	-0.00268	0.00000	0.00000	-0.00007	0.00000	0.00000	0.00588	0.00000	0.00000	0.00151	0.00000	0.00000
49163	F	J	Chr3	16378285	0.01767	0.00000	0.00000	0.01027	0.00000	0.00000	0.01027	0.00000	0.00000	0.00439	0.00000	0.00000
49215	F	J	Chr3	16443589	-0.00000	0.00000	0.00000	-0.00000	0.00000	0.00000	-0.00000	0.00000	0.00000	0.00028	0.00000	0.00000
49259	F	J	Chr3	16494876	-0.00130	0.00000	0.00000	-0.00003	0.00000	0.00000	0.00003	0.00000	0.00000	0.00090	0.00000	0.00000
49281	F	J	Chr3	16510522	-0.00000	0.00000	0.00000	-0.00000	0.00000	0.00000	-0.00000	0.00000	0.00000	0.00029	0.00000	0.00000
49284	F	J	Chr3	16512351	-0.00000	0.00000	0.00000	-0.00000	0.00000	0.00000	-0.00000	0.00000	0.00000	0.00027	0.00000	0.00000
49294	F	J	Chr3	16516216	0.00137	0.00000	0.00000	0.00004	0.00000	0.00000	0.00276	0.00000	0.00000	0.00088	0.00000	0.00000
49305	F	J	Chr3	16522030	-0.00000	0.00000	0.00000	-0.00000	0.00000	0.00000	-0.00000	0.00000	0.00000	0.00027	0.00000	0.00000
49370	F	J	Chr3	16599453	-0.00000	0.00000	0.00000	-0.00000	0.00000	0.00000	-0.00000	0.00000	0.00000	0.00030	0.00000	0.00000
49416	F	J	Chr3	16676818	-0.01858	0.00000	0.00000	-0.00149	0.00000	0.00000	-0.00131	0.00000	0.00000	0.00146	0.00000	0.00000
49464	F	J	Chr3	16732318	-0.01547	0.00000	0.00000	-0.00373	0.00000	0.00000	-0.00762	0.00000	0.00000	0.00366	0.00000	0.00000
49491	F	J	Chr3	16764646	-0.02708	0.00000	0.00000	-0.01462	0.00000	0.00000	-0.00383	0.00000	0.00000	0.00472	0.00000	0.00000
49493	F	J	Chr3	16765062	-0.00000	0.00000	0.00000	-0.00000	0.00000	0.00000	-0.00000	0.00000	0.00000	0.00029	0.00000	0.00000
49572	F	J	Chr3	16852631	-0.01680	0.00000	0.00000	-0.00131	0.00000	0.00000	-0.00131	0.00000	0.00000	0.00083	0.00000	0.00000
49609	F	J	Chr3	16896523	-0.00000	0.00000	0.00000	-0.00000	0.00000	0.00000	-0.00000	0.00000	0.00000	0.00029	0.00000	0.00000
49621	F	J	Chr3	16904924	-0.00000	0.00000	0.00000	-0.00000	0.00000	0.00000	-0.00000	0.00000	0.00000	0.00029	0.00000	0.00000
49639	F	J	Chr3	16933770	-0.00000	0.00000	0.00000	-0.00000	0.00000	0.00000	-0.00000	0.00000	0.00000	0.00028	0.00000	0.00000
49714	F	J	Chr3	16992483	0.01761	0.00000	0.00000	0.00102	0.00000	0.00000	0.03453	0.00000	0.00000	0.00285	0.00000	0.00000
49740	F	J	Chr3	17019246	-0.02438	0.00000	0.00000	-0.00630	0.00000	0.00000	-0.00575	0.00000	0.00000	0.00296	0.00000	0.00000
49786	F	J	Chr3	17051831	-0.00000	0.00000	0.00000	-0.00000	0.00000	0.00000	-0.00000	0.00000	0.00000	0.00027	0.00000	0.00000
49874	F	J	Chr3	17124539	-0.00000	0.00000	0.00000	-0.00000	0.00000	0.00000	-0.00000	0.00000	0.00000	0.00028	0.00000	0.00000
49882	F	J	Chr3	17131595	-0.00733	0.00000	0.00000	-0.00119	0.00000	0.00000	-0.00119	0.00000	0.00000	0.00162	0.00000	0.00000
49922	F	J	Chr3	17172962	-0.02781	0.00000	0.00000	-0.02753	0.00000	0.00000	-0.01594	0.00000	0.00000	0.00698	0.00000	0.00000
50035	F	J	Chr3	17283761	-0.00333	0.00000	0.00000	-0.00010	0.00000	0.00000	0.02028	0.00000	0.00000	0.00210	0.00000	0.00000
50069	F	J	Chr3	17314287	-0.00000	0.00000	0.00000	-0.00000	0.00000	0.00000	-0.00000	0.00000	0.00000	0.00029	0.00000	0.00000
50072	F	J	Chr3	17314567	-0.00000	0.00000	0.00000	-0.00000	0.00000	0.00000	-0.00000	0.00000	0.00000	0.00030	0.00000	0.00000
50091	F	J	Chr3	17324915	-0.00000	0.00000	0.00000	-0.00000	0.00000	0.00000	-0.00000	0.00000	0.00000	0.00029	0.00000	0.00000
50107	F	J	Chr3	17336950	-0.00000	0.00000	0.00000	-0.00000	0.00000	0.00000	-0.00000	0.00000	0.00000	0.00030	0.00000	0.00000
50245	F	J	Chr4	76697	-0.00000	0.00000	0.00000	-0.00000	0.00000	0.00000	-0.00000	0.00000	0.00000	0.00029	0.00000	0.00000
50263	F	J	Chr4	92020	-0.00130	0.00000	0.00000	-0.00003	0.00000	0.00000	0.00003	0.00000	0.00000	0.00085	0.00000	0.00000
50267	F	J	Chr4	92748	0.13267	0.00000	0.00000	0.10834	0.00000	0.00000	0.12500	0.00000	0.00000	0.00736	0.00000	0.00000
50306	F	J	Chr4	135564	-0.01919	0.00000	0.00000	-0.00264	0.00000	0.00000	0.00031	0.00000	0.00000	0.00193	0.00000	0.00000
50341	F	J	Chr4	166263	-0.00000	0.00000	0.00000	-0.00000	0.00000	0.00000	-0.00000	0.00000	0.00000	0.00029	0.00000	0.00000
50359	F	J	Chr4	185006	-0.00000	0.00000	0.00000	-0.00000	0.00000	0.00000	-0.00000	0.00000	0.00000	0.00027	0.00000	0.00000
50400	F	J	Chr4	220348	-0.02630	0.00000	0.00000	-0.00139	0.00000	0.00000	0.00007	0.00000	0.00000	0.00120	0.00000	0.00000
50408	F	J	Chr4	229315	-0.02564	0.00000	0.00000	-0.00132	0.00000	0.00000	-0.00132	0.00000	0.00000	0.00059	0.00000	0.00000
50428	F	J	Chr4	237712	-0.00000	0.00000	0.00000	-0.00000	0.00000	0.00000	-0.00000	0.00000	0.00000	0.00026	0.00000	0.00000
50494	F	J	Chr4	276018	-0.01579	0.00000	0.00000	-0.00127	0.00000	0.00000	0.00157	0.00000	0.00000	0.00126	0.00000	0.00000
50520	F	J	Chr4	307213	-0.00000	0.00000	0.00000	-0.00000	0.00000	0.00000	-0.00000	0.00000	0.00000	0.00029	0.00000	0.00000
50521	F	J	Chr4	307491	0.02564	0.00000	0.00000	0.00135	0.00000	0.00000	0.00135	0.00000	0.00000	0.00057	0.00000	0.00000
50527	F	J	Chr4	318298	-0.00000	0.00000	0.00000	-0.00000	0.00000	0.00000	-0.00000	0.00000	0.00000	0.00030	0.00000	0.00000
50564	F	J	Chr4	338400	-0.02714	0.00000	0.00000	-0.00564	0.00000	0.00000	0.01716	0.00000	0.00000	0.00363	0.00000	0.00000
50598	F	J	Chr4	360796	-0.02564	0.00000	0.00000	-0.00132	0.00000	0.00000	-0.00132	0.00000	0.00000	0.00059	0.00000	0.00000
50605	F	J	Chr4	362654	-0.00000	0.00000	0.00000	-0.00000	0.00000	0.00000	-0.00000	0.00000	0.00000	0.00030	0.00000	0.00000
50769	F	J	Chr4	549549	-0.00000	0.00000	0.00000	-0.00000	0.00000	0.00000	-0.00000	0.00000	0.00000	0.00031	0.00000	0.00000
50786	F	J	Chr4	562433	0.00100	0.00000	0.00000	0.00011	0.00000	0.00000	0.00011	0.00000	0.00000	0.00114	0.00000	0.00000
50847	F	J	Chr4	617294	-0.00000	0.00000	0.00000	-0.00000	0.00000	0.00000	-0.00000	0.00000	0.00000	0.00029	0.00000	0.00000
50852	F	J	Chr4	618842	0.00297	0.00000	0.00000	0.00008	0.00000	0.00000	0.01159	0.00000	0.00000	0.00148	0.00000	0.00000
50857	F	J	Chr4	620989	0.03080	0.00000	0.00000	0.00176	0.00000	0.00000	0.01632	0.00000	0.00000	0.00182	0.00000	0.00000
50868	F	J	Chr4	642866	-0.00000	0.00000	0.00000	-0.00000	0.00000	0.00000	-0.00000	0.00000	0.00000	0.00029	0.00000	0.00000
51067	F	J	Chr4	865253	-0.00000	0.00000	0.00000	-0.00000	0.00000	0.00000	-0.00000	0.00000	0.00000	0.00030	0.00000	0.00000
51094	F	J	Chr4	896735	-0.00130	0.00000	0.00000	-0.00003	0.00000	0.00000	0.00003	0.00000	0.00000	0.00089	0.00000	0.00000
51150	F	J	Chr4	965596	-0.00000	0.00000	0.00000	-0.00000	0.00000	0.00000	-0.00000	0.00000	0.00000	0.00029	0.00000	0.00000
51158	F	J	Chr4	978748	-0.02564	0.00000	0.00000	-0.00132	0.00000	0.00000	-0.00132	0.00000	0.00000	0.00056	0.00000	0.00000
51189	F	J	Chr4	1010764	-0.00000	0.00000	0.00000	-0.00000	0.00000	0.00000	-0.00000	0.00000	0.00000	0.00029	0.00000	0.00000
51208	F	J	Chr4	1026242	-0.00268	0.00000	0.00000	-0.00007	0.00000	0.00000	0.00588	0.00000	0.00000	0.00149	0.00000	0.00000
51239	F	J	Chr4	1059677	-0.00000	0.00000	0.00000	-0.00000	0.00000	0.00000	-0.00000	0.00000	0.00000	0.00029	0.00000	0.00000
51249	F	J	Chr4	1074944	0.00000	0.00000	0.00000	0.00000	0.00000	0.00000	-0.00004	0.00000	0.00000	0.00090	0.00000	0.00000
51282	F	J	Chr4	1121477	-0.01680	0.00000	0.00000	-0.00131	0.00000	0.00000	-0.00131	0.00000	0.00000	0.00088	0.00000	0.00000
51303	F	J	Chr4	1144835	-0.02126	0.00000	0.00000	-0.00300	0.00000	0.00000	-0.00589	0.00000	0.00000	0.00251	0.00000	0.00000
51335	F	J	Chr4	1196281	-0.01858	0.00000	0.00000	-0.00149	0.00000	0.00000	-0.00131	0.00000	0.00000	0.00133	0.00000	0.00000
51344	F	J	Chr4	1200940	0.01658	0.00000	0.00000	0.00580	0.00000	0.00000	0.04692	0.00000	0.00000	0.00415	0.00000	0.00000
51436	F	J	Chr4	1295866	-0.01438	0.00000	0.00000	-0.01011	0.00000	0.00000	0.02864	0.00000	0.00000	0.00593	0.00000	0.00000
51480	F	J	Chr4	1340591	-0.00144	0.00000	0.00000	-0.00004	0.00000	0.00000	-0.00269	0.00000	0.00000	0.00186	0.00000	0.00000
51491	F	J	Chr4	1353028	-0.00000	0.00000	0.00000	-0.00000	0.00000	0.00000	-0.00000	0.00000	0.00000	0.00029	0.00000	0.00000
51499	F	J	Chr4	1363271	0.02564	0.00000	0.00000	0.00135	0.00000	0.00000	0.00135	0.00000	0.00000	0.00055	0.00000	0.00000
51558	F	J	Chr4	1435550	-0.00144	0.00000	0.00000	-0.00004	0.00000	0.00000	-0.00269	0.00000	0.00000	0.00193	0.00000	0.00000
51563	F	J	Chr4	1437713	-0.00000	0.00000	0.00000	-0.00000	0.00000	0.00000	-0.00000	0.00000	0.00000	0.00029	0.00000	0.00000
51564	F	J	Chr4	1440134	-0.00000	0.00000	0.00000	-0.00000	0.00000	0.00000	-0.00000	0.00000	0.00000	0.00028	0.00000	0.00000
51650	F	J	Chr4	1523463	0.00137	0.00000	0.00000	0.00004	0.00000	0.00000	0.00276	0.00000	0.00000	0.00084	0.00000	0.00000
51767	F	J	Chr4	1621389	0.00137	0.00000	0.00000	0.00004	0.00000	0.00000	0.00276	0.00000	0.00000	0.00080	0.00000	0.00000
51784	F	J	Chr4	1641004	-0.00000	0.00000	0.00000	-0.00000	0.00000	0.00000	-0.00000	0.00000	0.00000	0.00028	0.00000	0.00000
51841	F	J	Chr4	1701710	-0.00000	0.00000	0.00000	-0.00000	0.00000	0.00000	-0.00000	0.00000	0.00000	0.00029	0.00000	0.00000
51885	F	J	Chr4	1732932	-0.00000	0.00000	0.00000	-0.00000	0.00000	0.00000	-0.00000	0.00000	0.00000	0.00031	0.00000	0.00000
51887	F	J	Chr4	1741232	-0.02564	0.00000	0.00000	-0.00132	0.00000	0.00000	-0.00132	0.00000	0.00000	0.00059	0.00000	0.00000
51900	F	J	Chr4	1751391	-0.00144	0.00000	0.00000	-0.00004	0.00000	0.00000	0.00574	0.00000	0.00000	0.00150	0.00000	0.00000
51914	F	J	Chr4	1766064	-0.01656	0.00000	0.00000	-0.00141	0.00000	0.00000	-0.00105	0.00000	0.00000	0.00235	0.00000	0.00000
51951	F	J	Chr4	1795743	-0.00000	0.00000	0.00000	-0.00000	0.00000	0.00000	-0.00000	0.00000	0.00000	0.00030	0.00000	0.00000
52014	F	J	Chr4	1869646	0.02181	0.00000	0.00000	0.00120	0.00000	0.00000	0.00463	0.00000	0.00000	0.00170	0.00000	0.00000
52033	F	J	Chr4	1895785	-0.00000	0.00000	0.00000	-0.00000	0.00000	0.00000	-0.00000	0.00000	0.00000	0.00028	0.00000	0.00000
52084	F	J	Chr4	1965499	-0.00000	0.00000	0.00000	-0.00000	0.00000	0.00000	-0.00000	0.00000	0.00000	0.00029	0.00000	0.00000
52095	F	J	Chr4	1986799	-0.00000	0.00000	0.00000	-0.00000	0.00000	0.00000	-0.00000	0.00000	0.00000	0.00028	0.00000	0.00000
52097	F	J	Chr4	1987099	-0.00000	0.00000	0.00000	-0.00000	0.00000	0.00000	-0.00000	0.00000	0.00000	0.00029	0.00000	0.00000
52245	F	J	Chr4	2219965	-0.00733	0.00000	0.00000	-0.00119	0.00000	0.00000	-0.00119	0.00000	0.00000	0.00158	0.00000	0.00000
52271	F	J	Chr4	2248683	-0.00000	0.00000	0.00000	-0.00000	0.00000	0.00000	-0.00000	0.00000	0.00000	0.00027	0.00000	0.00000
52330	F	J	Chr4	2304029	0.00137	0.00000	0.00000	0.00004	0.00000	0.00000	0.00276	0.00000	0.00000	0.00090	0.00000	0.00000
52339	F	J	Chr4	2318874	-0.00000	0.00000	0.00000	-0.00000	0.00000	0.00000	-0.00000	0.00000	0.00000	0.00030	0.00000	0.00000
52360	F	J	Chr4	2330811	-0.00000	0.00000	0.00000	-0.00000	0.00000	0.00000	-0.00000	0.00000	0.00000	0.00029	0.00000	0.00000
52369	F	J	Chr4	2337797	0.00137	0.00000	0.00000	0.00004	0.00000	0.00000	0.00276	0.00000	0.00000	0.00091	0.00000	0.00000
52399	F	J	Chr4	2384634	-0.00000	0.00000	0.00000	-0.00000	0.00000	0.00000	-0.00000	0.00000	0.00000	0.00029	0.00000	0.00000
52424	F	J	Chr4	2418943	-0.00000	0.00000	0.00000	-0.00000	0.00000	0.00000	-0.00000	0.00000	0.00000	0.00029	0.00000	0.00000
52430	F	J	Chr4	2429424	0.00318	0.00000	0.00000	0.00085	0.00000	0.00000	-0.00221	0.00000	0.00000	0.00352	0.00000	0.00000
52462	F	J	Chr4	2459359	-0.00000	0.00000	0.00000	-0.00000	0.00000	0.00000	-0.00000	0.00000	0.00000	0.00030	0.00000	0.00000
52483	F	J	Chr4	2469921	-0.02564	0.00000	0.00000	-0.00270	0.00000	0.00000	-0.00270	0.00000	0.00000	0.00114	0.00000	0.00000
52581	F	J	Chr4	2606052	0.17498	0.00000	0.00000	0.06358	0.00000	0.00000	0.05068	0.00000	0.00000	0.00457	0.00000	0.00000
52615	F	J	Chr4	2663119	0.02564	0.00000	0.00000	0.00135	0.00000	0.00000	0.00135	0.00000	0.00000	0.00060	0.00000	0.00000
52624	F	J	Chr4	2675183	-0.00268	0.00000	0.00000	-0.00007	0.00000	0.00000	0.00588	0.00000	0.00000	0.00151	0.00000	0.00000
52640	F	J	Chr4	2690214	-0.00000	0.00000	0.00000	-0.00000	0.00000	0.00000	-0.00000	0.00000	0.00000	0.00029	0.00000	0.00000
52832	F	J	Chr4	2913868	-0.00415	0.00000	0.00000	-0.00011	0.00000	0.00000	0.00022	0.00000	0.00000	0.00089	0.00000	0.00000
52855	F	J	Chr4	2925174	-0.00000	0.00000	0.00000	-0.00000	0.00000	0.00000	-0.00000	0.00000	0.00000	0.00030	0.00000	0.00000
52937	F	J	Chr4	3016993	-0.02659	0.00000	0.00000	-0.00882	0.00000	0.00000	0.00009	0.00000	0.00000	0.00392	0.00000	0.00000
52969	F	J	Chr4	3051073	-0.00000	0.00000	0.00000	-0.00000	0.00000	0.00000	-0.00000	0.00000	0.00000	0.00029	0.00000	0.00000
52993	F	J	Chr4	3075031	-0.01680	0.00000	0.00000	-0.00131	0.00000	0.00000	-0.00131	0.00000	0.00000	0.00084	0.00000	0.00000
53029	F	J	Chr4	3105284	-0.02294	0.00000	0.00000	-0.00720	0.00000	0.00000	-0.00720	0.00000	0.00000	0.00278	0.00000	0.00000
53093	F	J	Chr4	3168467	-0.02564	0.00000	0.00000	-0.02632	0.00000	0.00000	-0.02632	0.00000	0.00000	0.00542	0.00000	0.00000
53114	F	J	Chr4	3193417	-0.01386	0.00000	0.00000	-0.01329	0.00000	0.00000	-0.01727	0.00000	0.00000	0.00633	0.00000	0.00000
53141	F	J	Chr4	3220099	0.02903	0.00000	0.00000	0.00157	0.00000	0.00000	0.00567	0.00000	0.00000	0.00116	0.00000	0.00000
53142	F	J	Chr4	3220102	0.02159	0.00000	0.00000	0.00655	0.00000	0.00000	0.00345	0.00000	0.00000	0.00351	0.00000	0.00000
53307	F	J	Chr4	3451739	-0.01919	0.00000	0.00000	-0.00264	0.00000	0.00000	0.00031	0.00000	0.00000	0.00191	0.00000	0.00000
53350	F	J	Chr4	3493816	-0.00000	0.00000	0.00000	-0.00000	0.00000	0.00000	-0.00000	0.00000	0.00000	0.00029	0.00000	0.00000
53361	F	J	Chr4	3512926	-0.00000	0.00000	0.00000	-0.00000	0.00000	0.00000	-0.00000	0.00000	0.00000	0.00029	0.00000	0.00000
53396	F	J	Chr4	3553863	-0.02337	0.00000	0.00000	-0.00718	0.00000	0.00000	0.01366	0.00000	0.00000	0.00403	0.00000	0.00000
53430	F	J	Chr4	3591685	-0.00000	0.00000	0.00000	-0.00000	0.00000	0.00000	-0.00000	0.00000	0.00000	0.00030	0.00000	0.00000
53455	F	J	Chr4	3623840	-0.00000	0.00000	0.00000	-0.00000	0.00000	0.00000	-0.00000	0.00000	0.00000	0.00030	0.00000	0.00000
53553	F	J	Chr4	3730477	-0.00000	0.00000	0.00000	-0.00000	0.00000	0.00000	-0.00000	0.00000	0.00000	0.00030	0.00000	0.00000
53602	F	J	Chr4	3803976	-0.01554	0.00000	0.00000	-0.01578	0.00000	0.00000	-0.00143	0.00000	0.00000	0.00652	0.00000	0.00000
53611	F	J	Chr4	3808325	-0.00000	0.00000	0.00000	-0.00000	0.00000	0.00000	-0.00000	0.00000	0.00000	0.00029	0.00000	0.00000
53622	F	J	Chr4	3816026	-0.00000	0.00000	0.00000	-0.00000	0.00000	0.00000	-0.00000	0.00000	0.00000	0.00030	0.00000	0.00000
53732	F	J	Chr4	3908860	-0.00000	0.00000	0.00000	-0.00000	0.00000	0.00000	-0.00000	0.00000	0.00000	0.00030	0.00000	0.00000
53743	F	J	Chr4	3931658	0.02564	0.00000	0.00000	0.00135	0.00000	0.00000	0.00135	0.00000	0.00000	0.00061	0.00000	0.00000
53795	F	J	Chr4	4006357	-0.00000	0.00000	0.00000	-0.00000	0.00000	0.00000	-0.00000	0.00000	0.00000	0.00028	0.00000	0.00000
53889	F	J	Chr4	4148007	-0.00000	0.00000	0.00000	-0.00000	0.00000	0.00000	-0.00000	0.00000	0.00000	0.00030	0.00000	0.00000
53940	F	J	Chr4	4226382	-0.00000	0.00000	0.00000	-0.00000	0.00000	0.00000	-0.00000	0.00000	0.00000	0.00028	0.00000	0.00000
54035	F	J	Chr4	4385196	-0.00000	0.00000	0.00000	-0.00000	0.00000	0.00000	-0.00000	0.00000	0.00000	0.00030	0.00000	0.00000
54154	F	J	Chr4	4538039	0.00137	0.00000	0.00000	0.00004	0.00000	0.00000	0.00276	0.00000	0.00000	0.00089	0.00000	0.00000
54174	F	J	Chr4	4574789	-0.00000	0.00000	0.00000	-0.00000	0.00000	0.00000	-0.00000	0.00000	0.00000	0.00030	0.00000	0.00000
54202	F	J	Chr4	4601366	-0.00000	0.00000	0.00000	-0.00000	0.00000	0.00000	-0.00000	0.00000	0.00000	0.00030	0.00000	0.00000
54277	F	J	Chr4	4667996	-0.00000	0.00000	0.00000	-0.00000	0.00000	0.00000	-0.00000	0.00000	0.00000	0.00030	0.00000	0.00000
54416	F	J	Chr4	4905310	-0.00000	0.00000	0.00000	-0.00000	0.00000	0.00000	-0.00000	0.00000	0.00000	0.00029	0.00000	0.00000
54447	F	J	Chr4	4935308	-0.00000	0.00000	0.00000	-0.00000	0.00000	0.00000	-0.00000	0.00000	0.00000	0.00028	0.00000	0.00000
54495	F	J	Chr4	4968236	-0.00000	0.00000	0.00000	-0.00000	0.00000	0.00000	-0.00000	0.00000	0.00000	0.00030	0.00000	0.00000
54518	F	J	Chr4	4978970	-0.02163	0.00000	0.00000	-0.00414	0.00000	0.00000	-0.00414	0.00000	0.00000	0.00185	0.00000	0.00000
54526	F	J	Chr4	4982455	0.02376	0.00000	0.00000	0.00128	0.00000	0.00000	0.00007	0.00000	0.00000	0.00113	0.00000	0.00000
54547	F	J	Chr4	4991525	0.02564	0.00000	0.00000	0.00135	0.00000	0.00000	0.00135	0.00000	0.00000	0.00057	0.00000	0.00000
54573	F	J	Chr4	4998113	0.00000	0.00000	0.00000	0.00000	0.00000	0.00000	0.01765	0.00000	0.00000	0.00210	0.00000	0.00000
54615	F	J	Chr4	5031951	-0.02645	0.00000	0.00000	-0.00585	0.00000	0.00000	-0.01140	0.00000	0.00000	0.00419	0.00000	0.00000
54696	F	J	Chr4	5107523	-0.00130	0.00000	0.00000	-0.00003	0.00000	0.00000	0.00003	0.00000	0.00000	0.00089	0.00000	0.00000
54715	F	J	Chr4	5124191	0.07692	0.00000	0.00000	0.00847	0.00000	0.00000	0.00847	0.00000	0.00000	0.00121	0.00000	0.00000
54798	F	J	Chr4	5206546	-0.00000	0.00000	0.00000	-0.00000	0.00000	0.00000	-0.00000	0.00000	0.00000	0.00030	0.00000	0.00000
54799	F	J	Chr4	5211218	-0.00130	0.00000	0.00000	-0.00003	0.00000	0.00000	-0.00000	0.00000	0.00000	0.00030	0.00000	0.00000
54823	F	J	Chr4	5234511	-0.01680	0.00000	0.00000	-0.00131	0.00000	0.00000	-0.00131	0.00000	0.00000	0.00086	0.00000	0.00000
54831	F	J	Chr4	5243379	-0.00918	0.00000	0.00000	-0.00428	0.00000	0.00000	0.01170	0.00000	0.00000	0.00525	0.00000	0.00000
55017	F	J	Chr4	5412569	-0.00000	0.00000	0.00000	-0.00000	0.00000	0.00000	-0.00000	0.00000	0.00000	0.00030	0.00000	0.00000
55038	F	J	Chr4	5438947	-0.02703	0.00000	0.00000	-0.00631	0.00000	0.00000	-0.00933	0.00000	0.00000	0.00303	0.00000	0.00000
55132	F	J	Chr4	5557972	-0.02491	0.00000	0.00000	-0.02555	0.00000	0.00000	-0.02348	0.00000	0.00000	0.00630	0.00000	0.00000
55160	F	J	Chr4	5589707	-0.00268	0.00000	0.00000	-0.00007	0.00000	0.00000	0.00588	0.00000	0.00000	0.00140	0.00000	0.00000
55313	F	J	Chr4	5796321	-0.00000	0.00000	0.00000	-0.00000	0.00000	0.00000	-0.00000	0.00000	0.00000	0.00028	0.00000	0.00000
55416	F	J	Chr4	5921623	-0.00000	0.00000	0.00000	-0.00000	0.00000	0.00000	-0.00000	0.00000	0.00000	0.00029	0.00000	0.00000
55510	F	J	Chr4	6018001	-0.02564	0.00000	0.00000	-0.02632	0.00000	0.00000	-0.02632	0.00000	0.00000	0.00586	0.00000	0.00000
55511	F	J	Chr4	6018004	-0.00000	0.00000	0.00000	-0.00000	0.00000	0.00000	-0.00000	0.00000	0.00000	0.00029	0.00000	0.00000
55545	F	J	Chr4	6065759	-0.00000	0.00000	0.00000	-0.00000	0.00000	0.00000	-0.00000	0.00000	0.00000	0.00030	0.00000	0.00000
55549	F	J	Chr4	6066205	0.02564	0.00000	0.00000	0.00135	0.00000	0.00000	0.00135	0.00000	0.00000	0.00054	0.00000	0.00000
55553	F	J	Chr4	6067298	-0.02564	0.00000	0.00000	-0.02632	0.00000	0.00000	-0.02632	0.00000	0.00000	0.00579	0.00000	0.00000
55598	F	J	Chr4	6124057	-0.00000	0.00000	0.00000	-0.00000	0.00000	0.00000	-0.00000	0.00000	0.00000	0.00029	0.00000	0.00000
55620	F	J	Chr4	6144833	0.00000	0.00000	0.00000	0.00000	0.00000	0.00000	0.00559	0.00000	0.00000	0.00154	0.00000	0.00000
55627	F	J	Chr4	6148363	-0.01261	0.00000	0.00000	-0.00450	0.00000	0.00000	0.00000	0.00000	0.00000	0.00360	0.00000	0.00000
55629	F	J	Chr4	6149791	-0.00000	0.00000	0.00000	-0.00000	0.00000	0.00000	-0.00000	0.00000	0.00000	0.00029	0.00000	0.00000
55656	F	J	Chr4	6176734	-0.02564	0.00000	0.00000	-0.02632	0.00000	0.00000	-0.02632	0.00000	0.00000	0.00566	0.00000	0.00000
55672	F	J	Chr4	6197488	-0.00130	0.00000	0.00000	-0.00003	0.00000	0.00000	-0.00000	0.00000	0.00000	0.00031	0.00000	0.00000
55685	F	J	Chr4	6219472	-0.00000	0.00000	0.00000	-0.00000	0.00000	0.00000	-0.00000	0.00000	0.00000	0.00028	0.00000	0.00000
55690	F	J	Chr4	6235204	0.00137	0.00000	0.00000	0.00004	0.00000	0.00000	0.00276	0.00000	0.00000	0.00089	0.00000	0.00000
55698	F	J	Chr4	6238021	-0.01680	0.00000	0.00000	-0.00131	0.00000	0.00000	-0.00131	0.00000	0.00000	0.00083	0.00000	0.00000
55724	F	J	Chr4	6269694	-0.01680	0.00000	0.00000	-0.00131	0.00000	0.00000	-0.00131	0.00000	0.00000	0.00085	0.00000	0.00000
55818	F	J	Chr4	6359779	-0.02780	0.00000	0.00000	-0.02859	0.00000	0.00000	-0.03008	0.00000	0.00000	0.00665	0.00000	0.00000
55863	F	J	Chr4	6417314	-0.00000	0.00000	0.00000	-0.00000	0.00000	0.00000	-0.00000	0.00000	0.00000	0.00029	0.00000	0.00000
55882	F	J	Chr4	6451105	-0.00000	0.00000	0.00000	-0.00000	0.00000	0.00000	-0.00000	0.00000	0.00000	0.00028	0.00000	0.00000
55948	F	J	Chr4	6520109	0.12323	0.00000	0.00000	0.04841	0.00000	0.00000	0.03679	0.00000	0.00000	0.00449	0.00000	0.00000
56062	F	J	Chr4	6614585	-0.00000	0.00000	0.00000	-0.00000	0.00000	0.00000	-0.00000	0.00000	0.00000	0.00029	0.00000	0.00000
56071	F	J	Chr4	6618853	0.02903	0.00000	0.00000	0.00157	0.00000	0.00000	0.00567	0.00000	0.00000	0.00129	0.00000	0.00000
56183	F	J	Chr4	6722498	0.02376	0.00000	0.00000	0.00128	0.00000	0.00000	0.00007	0.00000	0.00000	0.00114	0.00000	0.00000
56197	F	J	Chr4	6731258	-0.00000	0.00000	0.00000	-0.00000	0.00000	0.00000	-0.00000	0.00000	0.00000	0.00030	0.00000	0.00000
56294	F	J	Chr4	6846827	-0.00000	0.00000	0.00000	-0.00000	0.00000	0.00000	-0.00000	0.00000	0.00000	0.00029	0.00000	0.00000
56343	F	J	Chr4	6894477	0.02564	0.00000	0.00000	0.00135	0.00000	0.00000	0.00135	0.00000	0.00000	0.00060	0.00000	0.00000
56350	F	J	Chr4	6898757	0.02564	0.00000	0.00000	0.00135	0.00000	0.00000	0.00135	0.00000	0.00000	0.00057	0.00000	0.00000
56428	F	J	Chr4	6959342	-0.00000	0.00000	0.00000	-0.00000	0.00000	0.00000	-0.00000	0.00000	0.00000	0.00030	0.00000	0.00000
56441	F	J	Chr4	6970404	-0.02206	0.00000	0.00000	-0.00302	0.00000	0.00000	-0.00273	0.00000	0.00000	0.00194	0.00000	0.00000
56449	F	J	Chr4	6982583	-0.02564	0.00000	0.00000	-0.00270	0.00000	0.00000	-0.00270	0.00000	0.00000	0.00113	0.00000	0.00000
56453	F	J	Chr4	6988268	-0.00130	0.00000	0.00000	-0.00003	0.00000	0.00000	0.00003	0.00000	0.00000	0.00089	0.00000	0.00000
56462	F	J	Chr4	7000941	-0.02019	0.00000	0.00000	-0.00269	0.00000	0.00000	-0.00269	0.00000	0.00000	0.00135	0.00000	0.00000
56479	F	J	Chr4	7012852	-0.00000	0.00000	0.00000	-0.00000	0.00000	0.00000	-0.00000	0.00000	0.00000	0.00029	0.00000	0.00000
56489	F	J	Chr4	7020904	0.04886	0.00000	0.00000	0.00404	0.00000	0.00000	0.00157	0.00000	0.00000	0.00149	0.00000	0.00000
56529	F	J	Chr4	7071336	-0.00000	0.00000	0.00000	-0.00000	0.00000	0.00000	-0.00000	0.00000	0.00000	0.00030	0.00000	0.00000
56566	F	J	Chr4	7116574	-0.00000	0.00000	0.00000	-0.00000	0.00000	0.00000	-0.00000	0.00000	0.00000	0.00026	0.00000	0.00000
56583	F	J	Chr4	7148854	-0.00000	0.00000	0.00000	-0.00000	0.00000	0.00000	-0.00000	0.00000	0.00000	0.00029	0.00000	0.00000
56598	F	J	Chr4	7173740	-0.01680	0.00000	0.00000	-0.00131	0.00000	0.00000	-0.00131	0.00000	0.00000	0.00084	0.00000	0.00000
56601	F	J	Chr4	7173968	-0.00000	0.00000	0.00000	-0.00000	0.00000	0.00000	-0.00000	0.00000	0.00000	0.00029	0.00000	0.00000
56669	F	J	Chr4	7243904	0.02030	0.00000	0.00000	0.01828	0.00000	0.00000	0.02377	0.00000	0.00000	0.00613	0.00000	0.00000
56848	F	J	Chr4	7507253	-0.02888	0.00000	0.00000	-0.00637	0.00000	0.00000	0.00179	0.00000	0.00000	0.00363	0.00000	0.00000
56887	F	J	Chr4	7581077	-0.00000	0.00000	0.00000	-0.00000	0.00000	0.00000	-0.00000	0.00000	0.00000	0.00028	0.00000	0.00000
56904	F	J	Chr4	7604668	-0.02290	0.00000	0.00000	-0.01587	0.00000	0.00000	-0.01544	0.00000	0.00000	0.00504	0.00000	0.00000
56965	F	J	Chr4	7692938	-0.00268	0.00000	0.00000	-0.00007	0.00000	0.00000	0.00588	0.00000	0.00000	0.00145	0.00000	0.00000
56974	F	J	Chr4	7708595	-0.00547	0.00000	0.00000	-0.00146	0.00000	0.00000	0.00135	0.00000	0.00000	0.00345	0.00000	0.00000
57040	F	J	Chr4	7801725	-0.02017	0.00000	0.00000	-0.00852	0.00000	0.00000	-0.00888	0.00000	0.00000	0.00387	0.00000	0.00000
57060	F	J	Chr4	7823494	-0.00000	0.00000	0.00000	-0.00000	0.00000	0.00000	-0.00000	0.00000	0.00000	0.00030	0.00000	0.00000
57112	F	J	Chr4	7888927	-0.01680	0.00000	0.00000	-0.00131	0.00000	0.00000	-0.00131	0.00000	0.00000	0.00084	0.00000	0.00000
57158	F	J	Chr4	7944006	-0.02703	0.00000	0.00000	-0.00300	0.00000	0.00000	-0.00585	0.00000	0.00000	0.00222	0.00000	0.00000
57225	F	J	Chr4	8045275	-0.00000	0.00000	0.00000	-0.00000	0.00000	0.00000	-0.00000	0.00000	0.00000	0.00029	0.00000	0.00000
57230	F	J	Chr4	8053088	0.13428	0.00000	0.00000	0.13689	0.00000	0.00000	0.11845	0.00000	0.00000	0.00692	0.00000	0.00000
57270	F	J	Chr4	8105908	-0.00000	0.00000	0.00000	-0.00000	0.00000	0.00000	-0.00000	0.00000	0.00000	0.00029	0.00000	0.00000
57280	F	J	Chr4	8112802	-0.00000	0.00000	0.00000	-0.00000	0.00000	0.00000	-0.00000	0.00000	0.00000	0.00030	0.00000	0.00000
57358	F	J	Chr4	8192113	-0.00000	0.00000	0.00000	-0.00000	0.00000	0.00000	-0.00000	0.00000	0.00000	0.00029	0.00000	0.00000
57397	F	J	Chr4	8229474	0.00986	0.00000	0.00000	0.00191	0.00000	0.00000	0.00191	0.00000	0.00000	0.00195	0.00000	0.00000
57410	F	J	Chr4	8236665	0.00000	0.00000	0.00000	0.00000	0.00000	0.00000	0.02721	0.00000	0.00000	0.00218	0.00000	0.00000
57423	F	J	Chr4	8249447	-0.02708	0.00000	0.00000	-0.01462	0.00000	0.00000	-0.00383	0.00000	0.00000	0.00447	0.00000	0.00000
57446	F	J	Chr4	8269871	-0.00000	0.00000	0.00000	-0.00000	0.00000	0.00000	-0.00000	0.00000	0.00000	0.00028	0.00000	0.00000
57476	F	J	Chr4	8305955	0.02564	0.00000	0.00000	0.00135	0.00000	0.00000	0.00135	0.00000	0.00000	0.00057	0.00000	0.00000
57628	F	J	Chr4	8443549	-0.00000	0.00000	0.00000	-0.00000	0.00000	0.00000	-0.00000	0.00000	0.00000	0.00029	0.00000	0.00000
57635	F	J	Chr4	8453064	-0.02163	0.00000	0.00000	-0.00414	0.00000	0.00000	-0.00414	0.00000	0.00000	0.00190	0.00000	0.00000
57653	F	J	Chr4	8469407	-0.02564	0.00000	0.00000	-0.00132	0.00000	0.00000	-0.00132	0.00000	0.00000	0.00057	0.00000	0.00000
57667	F	J	Chr4	8485655	-0.01315	0.00000	0.00000	-0.01138	0.00000	0.00000	-0.01525	0.00000	0.00000	0.00579	0.00000	0.00000
57678	F	J	Chr4	8492931	0.05128	0.00000	0.00000	0.00414	0.00000	0.00000	0.00414	0.00000	0.00000	0.00090	0.00000	0.00000
57707	F	J	Chr4	8526827	-0.00000	0.00000	0.00000	-0.00000	0.00000	0.00000	-0.00000	0.00000	0.00000	0.00030	0.00000	0.00000
57736	F	J	Chr4	8537847	-0.00000	0.00000	0.00000	-0.00000	0.00000	0.00000	-0.00000	0.00000	0.00000	0.00029	0.00000	0.00000
57751	F	J	Chr4	8546817	-0.00000	0.00000	0.00000	-0.00000	0.00000	0.00000	-0.00000	0.00000	0.00000	0.00028	0.00000	0.00000
57766	F	J	Chr4	8579343	-0.01323	0.00000	0.00000	-0.01164	0.00000	0.00000	-0.01164	0.00000	0.00000	0.00532	0.00000	0.00000
57802	F	J	Chr4	8615292	-0.00000	0.00000	0.00000	-0.00000	0.00000	0.00000	-0.00000	0.00000	0.00000	0.00029	0.00000	0.00000
57936	F	J	Chr4	8805128	0.00137	0.00000	0.00000	0.00004	0.00000	0.00000	0.00276	0.00000	0.00000	0.00087	0.00000	0.00000
58014	F	J	Chr4	8927664	-0.02525	0.00000	0.00000	-0.00981	0.00000	0.00000	-0.00900	0.00000	0.00000	0.00355	0.00000	0.00000
58078	F	J	Chr4	9014733	-0.00000	0.00000	0.00000	-0.00000	0.00000	0.00000	-0.00000	0.00000	0.00000	0.00029	0.00000	0.00000
58124	F	J	Chr4	9058175	-0.00000	0.00000	0.00000	-0.00000	0.00000	0.00000	-0.00000	0.00000	0.00000	0.00030	0.00000	0.00000
58143	F	J	Chr4	9079247	-0.01149	0.00000	0.00000	-0.00255	0.00000	0.00000	-0.00255	0.00000	0.00000	0.00218	0.00000	0.00000
58152	F	J	Chr4	9096405	-0.02564	0.00000	0.00000	-0.02632	0.00000	0.00000	-0.02632	0.00000	0.00000	0.00579	0.00000	0.00000
58155	F	J	Chr4	9096631	-0.00000	0.00000	0.00000	-0.00000	0.00000	0.00000	-0.00000	0.00000	0.00000	0.00030	0.00000	0.00000
58225	F	J	Chr4	9191588	-0.00000	0.00000	0.00000	-0.00000	0.00000	0.00000	-0.00000	0.00000	0.00000	0.00030	0.00000	0.00000
58276	F	J	Chr4	9213082	0.00137	0.00000	0.00000	0.00004	0.00000	0.00000	-0.00000	0.00000	0.00000	0.00030	0.00000	0.00000
58511	F	J	Chr4	9540767	-0.02051	0.00000	0.00000	-0.02094	0.00000	0.00000	-0.02094	0.00000	0.00000	0.00586	0.00000	0.00000
58526	F	J	Chr4	9544645	-0.00000	0.00000	0.00000	-0.00000	0.00000	0.00000	-0.00000	0.00000	0.00000	0.00028	0.00000	0.00000
58527	F	J	Chr4	9544648	-0.00000	0.00000	0.00000	-0.00000	0.00000	0.00000	-0.00000	0.00000	0.00000	0.00029	0.00000	0.00000
58618	F	J	Chr4	9660635	0.02520	0.00000	0.00000	0.00582	0.00000	0.00000	0.00240	0.00000	0.00000	0.00287	0.00000	0.00000
58624	F	J	Chr4	9667337	-0.00415	0.00000	0.00000	-0.00011	0.00000	0.00000	-0.00000	0.00000	0.00000	0.00030	0.00000	0.00000
58639	F	J	Chr4	9690485	-0.01579	0.00000	0.00000	-0.00127	0.00000	0.00000	0.00157	0.00000	0.00000	0.00146	0.00000	0.00000
58642	F	J	Chr4	9692067	0.00100	0.00000	0.00000	0.00011	0.00000	0.00000	0.00011	0.00000	0.00000	0.00114	0.00000	0.00000
58643	F	J	Chr4	9692592	0.00486	0.00000	0.00000	0.00014	0.00000	0.00000	0.02721	0.00000	0.00000	0.00208	0.00000	0.00000
58822	F	J	Chr4	9858559	0.05128	0.00000	0.00000	0.00414	0.00000	0.00000	0.00414	0.00000	0.00000	0.00088	0.00000	0.00000
58915	F	J	Chr4	9951050	-0.01680	0.00000	0.00000	-0.00131	0.00000	0.00000	-0.00131	0.00000	0.00000	0.00088	0.00000	0.00000
58936	F	J	Chr4	9977274	-0.01680	0.00000	0.00000	-0.00131	0.00000	0.00000	-0.00131	0.00000	0.00000	0.00089	0.00000	0.00000
58959	F	J	Chr4	10007121	-0.01893	0.00000	0.00000	-0.00673	0.00000	0.00000	-0.00726	0.00000	0.00000	0.00353	0.00000	0.00000
59027	F	J	Chr4	10094887	-0.00130	0.00000	0.00000	-0.00003	0.00000	0.00000	0.00003	0.00000	0.00000	0.00090	0.00000	0.00000
59082	F	J	Chr4	10182647	-0.00000	0.00000	0.00000	-0.00000	0.00000	0.00000	-0.00000	0.00000	0.00000	0.00030	0.00000	0.00000
59088	F	J	Chr4	10188468	-0.00415	0.00000	0.00000	-0.00011	0.00000	0.00000	0.01834	0.00000	0.00000	0.00208	0.00000	0.00000
59105	F	J	Chr4	10226233	-0.02630	0.00000	0.00000	-0.00139	0.00000	0.00000	0.00007	0.00000	0.00000	0.00117	0.00000	0.00000
59112	F	J	Chr4	10232788	-0.02564	0.00000	0.00000	-0.00270	0.00000	0.00000	-0.00270	0.00000	0.00000	0.00113	0.00000	0.00000
59227	F	J	Chr4	10343293	-0.00298	0.00000	0.00000	-0.00008	0.00000	0.00000	-0.00248	0.00000	0.00000	0.00191	0.00000	0.00000
59317	F	J	Chr4	10457017	-0.00000	0.00000	0.00000	-0.00000	0.00000	0.00000	-0.00000	0.00000	0.00000	0.00030	0.00000	0.00000
59329	F	J	Chr4	10472671	0.02564	0.00000	0.00000	0.00135	0.00000	0.00000	0.00135	0.00000	0.00000	0.00058	0.00000	0.00000
59370	F	J	Chr4	10543919	-0.00000	0.00000	0.00000	-0.00000	0.00000	0.00000	-0.00000	0.00000	0.00000	0.00030	0.00000	0.00000
59385	F	J	Chr4	10556935	-0.00268	0.00000	0.00000	-0.00007	0.00000	0.00000	0.00012	0.00000	0.00000	0.00086	0.00000	0.00000
59396	F	J	Chr4	10569786	-0.00000	0.00000	0.00000	-0.00000	0.00000	0.00000	-0.00000	0.00000	0.00000	0.00029	0.00000	0.00000
59404	F	J	Chr4	10574701	-0.00000	0.00000	0.00000	-0.00000	0.00000	0.00000	-0.00000	0.00000	0.00000	0.00028	0.00000	0.00000
59461	F	J	Chr4	10606499	-0.02564	0.00000	0.00000	-0.00132	0.00000	0.00000	-0.00132	0.00000	0.00000	0.00059	0.00000	0.00000
59467	F	J	Chr4	10611996	0.00100	0.00000	0.00000	0.00011	0.00000	0.00000	0.00011	0.00000	0.00000	0.00116	0.00000	0.00000
59613	F	J	Chr4	10776039	-0.00000	0.00000	0.00000	-0.00000	0.00000	0.00000	-0.00000	0.00000	0.00000	0.00030	0.00000	0.00000
59619	F	J	Chr4	10781329	-0.02244	0.00000	0.00000	-0.00564	0.00000	0.00000	-0.00564	0.00000	0.00000	0.00226	0.00000	0.00000
59642	F	J	Chr4	10804230	-0.01638	0.00000	0.00000	-0.00601	0.00000	0.00000	-0.00921	0.00000	0.00000	0.00381	0.00000	0.00000
59648	F	J	Chr4	10817645	-0.02589	0.00000	0.00000	-0.01102	0.00000	0.00000	-0.01777	0.00000	0.00000	0.00492	0.00000	0.00000
59756	F	J	Chr4	10916126	-0.02564	0.00000	0.00000	-0.02632	0.00000	0.00000	-0.02632	0.00000	0.00000	0.00547	0.00000	0.00000
59897	F	J	Chr4	11038692	-0.00000	0.00000	0.00000	-0.00000	0.00000	0.00000	-0.00000	0.00000	0.00000	0.00030	0.00000	0.00000
59935	F	J	Chr4	11099004	-0.00000	0.00000	0.00000	-0.00000	0.00000	0.00000	-0.00000	0.00000	0.00000	0.00029	0.00000	0.00000
59984	F	J	Chr4	11165328	-0.00943	0.00000	0.00000	-0.00413	0.00000	0.00000	0.01316	0.00000	0.00000	0.00445	0.00000	0.00000
60160	F	J	Chr4	11358060	-0.00130	0.00000	0.00000	-0.00003	0.00000	0.00000	0.00003	0.00000	0.00000	0.00090	0.00000	0.00000
60199	F	J	Chr4	11384654	-0.02625	0.00000	0.00000	-0.00831	0.00000	0.00000	0.03684	0.00000	0.00000	0.00474	0.00000	0.00000
60223	F	J	Chr4	11410597	-0.00000	0.00000	0.00000	-0.00000	0.00000	0.00000	-0.00000	0.00000	0.00000	0.00029	0.00000	0.00000
60251	F	J	Chr4	11443855	-0.00000	0.00000	0.00000	-0.00000	0.00000	0.00000	-0.00000	0.00000	0.00000	0.00029	0.00000	0.00000
60292	F	J	Chr4	11479728	0.00880	0.00000	0.00000	0.00902	0.00000	0.00000	0.02085	0.00000	0.00000	0.00653	0.00000	0.00000
60302	F	J	Chr4	11490457	-0.00000	0.00000	0.00000	-0.00000	0.00000	0.00000	-0.00000	0.00000	0.00000	0.00030	0.00000	0.00000
60361	F	J	Chr4	11568576	-0.00000	0.00000	0.00000	-0.00000	0.00000	0.00000	-0.00000	0.00000	0.00000	0.00028	0.00000	0.00000
60462	F	J	Chr4	11662984	-0.00000	0.00000	0.00000	-0.00000	0.00000	0.00000	-0.00000	0.00000	0.00000	0.00030	0.00000	0.00000
60485	F	J	Chr4	11689017	0.02564	0.00000	0.00000	0.00135	0.00000	0.00000	0.00135	0.00000	0.00000	0.00059	0.00000	0.00000
60525	F	J	Chr4	11744354	0.10256	0.00000	0.00000	0.01444	0.00000	0.00000	0.01444	0.00000	0.00000	0.00150	0.00000	0.00000
60529	F	J	Chr4	11748775	-0.00000	0.00000	0.00000	-0.00000	0.00000	0.00000	-0.00000	0.00000	0.00000	0.00029	0.00000	0.00000
60587	F	J	Chr4	11827887	0.07759	0.00000	0.00000	0.07474	0.00000	0.00000	0.09326	0.00000	0.00000	0.00680	0.00000	0.00000
60651	F	J	Chr4	11884750	-0.00000	0.00000	0.00000	-0.00000	0.00000	0.00000	-0.00000	0.00000	0.00000	0.00028	0.00000	0.00000
60675	F	J	Chr4	11907084	-0.00000	0.00000	0.00000	-0.00000	0.00000	0.00000	-0.00000	0.00000	0.00000	0.00030	0.00000	0.00000
60705	F	J	Chr4	11947230	-0.01656	0.00000	0.00000	-0.00141	0.00000	0.00000	-0.00433	0.00000	0.00000	0.00191	0.00000	0.00000
60723	F	J	Chr4	11955304	-0.00000	0.00000	0.00000	-0.00000	0.00000	0.00000	-0.00000	0.00000	0.00000	0.00029	0.00000	0.00000
60776	F	J	Chr4	12003145	-0.00144	0.00000	0.00000	-0.00004	0.00000	0.00000	0.00276	0.00000	0.00000	0.00089	0.00000	0.00000
60850	F	J	Chr4	12076649	0.00137	0.00000	0.00000	0.00004	0.00000	0.00000	0.00276	0.00000	0.00000	0.00090	0.00000	0.00000
60900	F	J	Chr4	12143209	-0.00000	0.00000	0.00000	-0.00000	0.00000	0.00000	-0.00000	0.00000	0.00000	0.00030	0.00000	0.00000
60956	F	J	Chr4	12216047	-0.00000	0.00000	0.00000	-0.00000	0.00000	0.00000	-0.00000	0.00000	0.00000	0.00028	0.00000	0.00000
61042	F	J	Chr4	12321854	-0.02703	0.00000	0.00000	-0.02639	0.00000	0.00000	-0.03040	0.00000	0.00000	0.00592	0.00000	0.00000
61075	F	J	Chr4	12345252	-0.00000	0.00000	0.00000	-0.00000	0.00000	0.00000	-0.00000	0.00000	0.00000	0.00029	0.00000	0.00000
61076	F	J	Chr4	12345255	-0.00000	0.00000	0.00000	-0.00000	0.00000	0.00000	-0.00000	0.00000	0.00000	0.00030	0.00000	0.00000
61140	F	J	Chr4	12373099	0.06363	0.00000	0.00000	0.05282	0.00000	0.00000	0.07282	0.00000	0.00000	0.00677	0.00000	0.00000
61143	F	J	Chr4	12375607	-0.00450	0.00000	0.00000	-0.00076	0.00000	0.00000	0.00354	0.00000	0.00000	0.00225	0.00000	0.00000
61221	F	J	Chr4	12520916	0.00137	0.00000	0.00000	0.00004	0.00000	0.00000	0.00276	0.00000	0.00000	0.00088	0.00000	0.00000
61259	F	J	Chr4	12571064	-0.00000	0.00000	0.00000	-0.00000	0.00000	0.00000	-0.00000	0.00000	0.00000	0.00030	0.00000	0.00000
61278	F	J	Chr4	12596621	-0.00000	0.00000	0.00000	-0.00000	0.00000	0.00000	-0.00000	0.00000	0.00000	0.00030	0.00000	0.00000
61291	F	J	Chr4	12622552	-0.00000	0.00000	0.00000	-0.00000	0.00000	0.00000	-0.00000	0.00000	0.00000	0.00030	0.00000	0.00000
61312	F	J	Chr4	12649253	-0.00000	0.00000	0.00000	-0.00000	0.00000	0.00000	-0.00000	0.00000	0.00000	0.00029	0.00000	0.00000
61335	F	J	Chr4	12672972	-0.00000	0.00000	0.00000	-0.00000	0.00000	0.00000	-0.00000	0.00000	0.00000	0.00029	0.00000	0.00000
61442	F	J	Chr4	12796813	-0.00000	0.00000	0.00000	-0.00000	0.00000	0.00000	-0.00000	0.00000	0.00000	0.00027	0.00000	0.00000
61456	F	J	Chr4	12809177	-0.00000	0.00000	0.00000	-0.00000	0.00000	0.00000	-0.00000	0.00000	0.00000	0.00029	0.00000	0.00000
61509	F	J	Chr4	12850489	-0.00000	0.00000	0.00000	-0.00000	0.00000	0.00000	-0.00000	0.00000	0.00000	0.00029	0.00000	0.00000
61541	F	J	Chr4	12880871	-0.00000	0.00000	0.00000	-0.00000	0.00000	0.00000	-0.00000	0.00000	0.00000	0.00030	0.00000	0.00000
61557	F	J	Chr4	12889973	-0.00000	0.00000	0.00000	-0.00000	0.00000	0.00000	-0.00000	0.00000	0.00000	0.00030	0.00000	0.00000
61593	F	J	Chr4	12933541	-0.00000	0.00000	0.00000	-0.00000	0.00000	0.00000	-0.00000	0.00000	0.00000	0.00029	0.00000	0.00000
61644	F	J	Chr4	12958449	-0.02622	0.00000	0.00000	-0.00436	0.00000	0.00000	-0.00437	0.00000	0.00000	0.00161	0.00000	0.00000
61697	F	J	Chr4	12999395	-0.00000	0.00000	0.00000	-0.00000	0.00000	0.00000	-0.00000	0.00000	0.00000	0.00030	0.00000	0.00000
61817	F	J	Chr4	13071511	-0.00000	0.00000	0.00000	-0.00000	0.00000	0.00000	-0.00000	0.00000	0.00000	0.00029	0.00000	0.00000
61915	F	J	Chr4	13164958	-0.02564	0.00000	0.00000	-0.00132	0.00000	0.00000	-0.00132	0.00000	0.00000	0.00060	0.00000	0.00000
61944	F	J	Chr4	13191613	0.00137	0.00000	0.00000	0.00004	0.00000	0.00000	-0.00000	0.00000	0.00000	0.00031	0.00000	0.00000
61973	F	J	Chr4	13208003	-0.02626	0.00000	0.00000	-0.00284	0.00000	0.00000	-0.00284	0.00000	0.00000	0.00118	0.00000	0.00000
61987	F	J	Chr4	13219753	-0.00000	0.00000	0.00000	-0.00000	0.00000	0.00000	-0.00000	0.00000	0.00000	0.00030	0.00000	0.00000
62061	F	J	Chr4	13267388	-0.00000	0.00000	0.00000	-0.00000	0.00000	0.00000	-0.00000	0.00000	0.00000	0.00030	0.00000	0.00000
62091	F	J	Chr4	13307222	-0.01024	0.00000	0.00000	-0.00171	0.00000	0.00000	-0.00268	0.00000	0.00000	0.00225	0.00000	0.00000
62124	F	J	Chr4	13321552	0.00152	0.00000	0.00000	0.00004	0.00000	0.00000	0.00034	0.00000	0.00000	0.00197	0.00000	0.00000
62224	F	J	Chr4	13429673	-0.00000	0.00000	0.00000	-0.00000	0.00000	0.00000	-0.00000	0.00000	0.00000	0.00029	0.00000	0.00000
62264	F	J	Chr4	13487083	-0.00000	0.00000	0.00000	-0.00000	0.00000	0.00000	-0.00000	0.00000	0.00000	0.00029	0.00000	0.00000
62272	F	J	Chr4	13491297	-0.00000	0.00000	0.00000	-0.00000	0.00000	0.00000	-0.00000	0.00000	0.00000	0.00029	0.00000	0.00000
62337	F	J	Chr4	13543769	-0.00000	0.00000	0.00000	-0.00000	0.00000	0.00000	-0.00000	0.00000	0.00000	0.00029	0.00000	0.00000
62363	F	J	Chr4	13560369	-0.00000	0.00000	0.00000	-0.00000	0.00000	0.00000	-0.00000	0.00000	0.00000	0.00030	0.00000	0.00000
62483	F	J	Chr4	13663658	-0.00000	0.00000	0.00000	-0.00000	0.00000	0.00000	-0.00000	0.00000	0.00000	0.00029	0.00000	0.00000
62501	F	J	Chr4	13678914	-0.00000	0.00000	0.00000	-0.00000	0.00000	0.00000	-0.00000	0.00000	0.00000	0.00030	0.00000	0.00000
62607	F	J	Chr4	13761283	0.02376	0.00000	0.00000	0.00128	0.00000	0.00000	0.00007	0.00000	0.00000	0.00114	0.00000	0.00000
62669	F	J	Chr4	13795327	-0.00733	0.00000	0.00000	-0.00119	0.00000	0.00000	-0.00119	0.00000	0.00000	0.00157	0.00000	0.00000
62672	F	J	Chr4	13795461	-0.01680	0.00000	0.00000	-0.00131	0.00000	0.00000	-0.00131	0.00000	0.00000	0.00076	0.00000	0.00000
62682	F	J	Chr4	13805742	-0.00000	0.00000	0.00000	-0.00000	0.00000	0.00000	-0.00000	0.00000	0.00000	0.00030	0.00000	0.00000
62698	F	J	Chr4	13816512	-0.02630	0.00000	0.00000	-0.00139	0.00000	0.00000	-0.00139	0.00000	0.00000	0.00055	0.00000	0.00000
62769	F	J	Chr4	13895462	-0.01680	0.00000	0.00000	-0.00131	0.00000	0.00000	-0.00131	0.00000	0.00000	0.00084	0.00000	0.00000
62845	F	J	Chr4	13990718	-0.00000	0.00000	0.00000	-0.00000	0.00000	0.00000	-0.00000	0.00000	0.00000	0.00029	0.00000	0.00000
62896	F	J	Chr4	14026278	-0.01680	0.00000	0.00000	-0.00131	0.00000	0.00000	-0.00131	0.00000	0.00000	0.00086	0.00000	0.00000
62906	F	J	Chr4	14054234	-0.00000	0.00000	0.00000	-0.00000	0.00000	0.00000	-0.00000	0.00000	0.00000	0.00030	0.00000	0.00000
62979	F	J	Chr4	14145178	-0.00160	0.00000	0.00000	-0.00051	0.00000	0.00000	-0.00051	0.00000	0.00000	0.00292	0.00000	0.00000
62991	F	J	Chr4	14158511	-0.00000	0.00000	0.00000	-0.00000	0.00000	0.00000	-0.00000	0.00000	0.00000	0.00030	0.00000	0.00000
63019	F	J	Chr4	14181001	-0.00000	0.00000	0.00000	-0.00000	0.00000	0.00000	-0.00000	0.00000	0.00000	0.00029	0.00000	0.00000
63026	F	J	Chr4	14192672	-0.00000	0.00000	0.00000	-0.00000	0.00000	0.00000	-0.00000	0.00000	0.00000	0.00029	0.00000	0.00000
63135	F	J	Chr4	14320260	-0.00000	0.00000	0.00000	-0.00000	0.00000	0.00000	-0.00000	0.00000	0.00000	0.00027	0.00000	0.00000
63169	F	J	Chr4	14353944	0.25986	0.00000	0.00000	0.11741	0.00000	0.00000	0.12778	0.00000	0.00000	0.00495	0.00000	0.00000
63183	F	J	Chr4	14361727	-0.00144	0.00000	0.00000	-0.00004	0.00000	0.00000	-0.00269	0.00000	0.00000	0.00197	0.00000	0.00000
63184	F	J	Chr4	14361730	-0.00000	0.00000	0.00000	-0.00000	0.00000	0.00000	-0.00000	0.00000	0.00000	0.00029	0.00000	0.00000
63210	F	J	Chr4	14372933	-0.00130	0.00000	0.00000	-0.00003	0.00000	0.00000	0.00003	0.00000	0.00000	0.00083	0.00000	0.00000
63218	F	J	Chr4	14379792	-0.02564	0.00000	0.00000	-0.00132	0.00000	0.00000	-0.00132	0.00000	0.00000	0.00058	0.00000	0.00000
63266	F	J	Chr4	14423351	0.04376	0.00000	0.00000	0.00380	0.00000	0.00000	0.00539	0.00000	0.00000	0.00200	0.00000	0.00000
63277	F	J	Chr4	14429837	-0.02564	0.00000	0.00000	-0.02632	0.00000	0.00000	-0.02632	0.00000	0.00000	0.00536	0.00000	0.00000
63331	F	J	Chr4	14464595	-0.02330	0.00000	0.00000	-0.01763	0.00000	0.00000	-0.01699	0.00000	0.00000	0.00540	0.00000	0.00000
63520	F	J	Chr4	14710047	0.00137	0.00000	0.00000	0.00004	0.00000	0.00000	0.00276	0.00000	0.00000	0.00088	0.00000	0.00000
63522	F	J	Chr4	14712400	0.12281	0.00000	0.00000	0.11846	0.00000	0.00000	0.11846	0.00000	0.00000	0.00627	0.00000	0.00000
63537	F	J	Chr4	14725751	-0.00000	0.00000	0.00000	-0.00000	0.00000	0.00000	-0.00000	0.00000	0.00000	0.00029	0.00000	0.00000
63647	F	J	Chr4	14858795	-0.00000	0.00000	0.00000	-0.00000	0.00000	0.00000	-0.00000	0.00000	0.00000	0.00028	0.00000	0.00000
63688	F	J	Chr4	14893479	0.00297	0.00000	0.00000	0.00109	0.00000	0.00000	0.00233	0.00000	0.00000	0.00389	0.00000	0.00000
63764	F	J	Chr4	14994621	-0.00000	0.00000	0.00000	-0.00000	0.00000	0.00000	-0.00000	0.00000	0.00000	0.00029	0.00000	0.00000
63782	F	J	Chr4	15018723	-0.00000	0.00000	0.00000	-0.00000	0.00000	0.00000	-0.00000	0.00000	0.00000	0.00029	0.00000	0.00000
63932	F	J	Chr4	15169862	0.00986	0.00000	0.00000	0.00191	0.00000	0.00000	0.00191	0.00000	0.00000	0.00176	0.00000	0.00000
64041	F	J	Chr4	15272664	-0.02490	0.00000	0.00000	-0.00803	0.00000	0.00000	-0.00735	0.00000	0.00000	0.00328	0.00000	0.00000
64067	F	J	Chr4	15301723	0.00137	0.00000	0.00000	0.00004	0.00000	0.00000	0.00276	0.00000	0.00000	0.00086	0.00000	0.00000
64141	F	J	Chr4	15402462	-0.02375	0.00000	0.00000	-0.01575	0.00000	0.00000	-0.01888	0.00000	0.00000	0.00535	0.00000	0.00000
64151	F	J	Chr4	15412482	-0.02564	0.00000	0.00000	-0.02632	0.00000	0.00000	-0.02632	0.00000	0.00000	0.00573	0.00000	0.00000
64292	F	J	Chr4	15579922	-0.00000	0.00000	0.00000	-0.00000	0.00000	0.00000	-0.00000	0.00000	0.00000	0.00030	0.00000	0.00000
64350	F	J	Chr4	15641599	-0.01399	0.00000	0.00000	-0.00396	0.00000	0.00000	-0.00396	0.00000	0.00000	0.00258	0.00000	0.00000
64419	F	J	Chr4	15736382	-0.00000	0.00000	0.00000	-0.00000	0.00000	0.00000	-0.00000	0.00000	0.00000	0.00030	0.00000	0.00000
64428	F	J	Chr4	15742011	-0.02294	0.00000	0.00000	-0.00720	0.00000	0.00000	-0.00720	0.00000	0.00000	0.00278	0.00000	0.00000
64444	F	J	Chr4	15756171	-0.02564	0.00000	0.00000	-0.00132	0.00000	0.00000	-0.00132	0.00000	0.00000	0.00053	0.00000	0.00000
64502	F	J	Chr4	15823727	-0.01997	0.00000	0.00000	-0.00803	0.00000	0.00000	0.00664	0.00000	0.00000	0.00387	0.00000	0.00000
64512	F	J	Chr4	15832937	-0.00000	0.00000	0.00000	-0.00000	0.00000	0.00000	-0.00000	0.00000	0.00000	0.00030	0.00000	0.00000
64522	F	J	Chr4	15849470	0.02564	0.00000	0.00000	0.00135	0.00000	0.00000	0.00135	0.00000	0.00000	0.00057	0.00000	0.00000
64557	F	J	Chr4	15877724	-0.00000	0.00000	0.00000	-0.00000	0.00000	0.00000	-0.00000	0.00000	0.00000	0.00029	0.00000	0.00000
64605	F	J	Chr4	15923048	-0.02432	0.00000	0.00000	-0.01802	0.00000	0.00000	-0.02103	0.00000	0.00000	0.00601	0.00000	0.00000
64609	F	J	Chr4	15926292	-0.02019	0.00000	0.00000	-0.00269	0.00000	0.00000	-0.00269	0.00000	0.00000	0.00139	0.00000	0.00000
64676	F	J	Chr4	15970830	-0.02564	0.00000	0.00000	-0.00270	0.00000	0.00000	-0.00270	0.00000	0.00000	0.00104	0.00000	0.00000
64750	F	J	Chr4	16097656	-0.00000	0.00000	0.00000	-0.00000	0.00000	0.00000	-0.00000	0.00000	0.00000	0.00029	0.00000	0.00000
64764	F	J	Chr4	16125060	-0.02334	0.00000	0.00000	-0.00338	0.00000	0.00000	-0.00647	0.00000	0.00000	0.00256	0.00000	0.00000
64836	F	J	Chr4	16218844	-0.00000	0.00000	0.00000	-0.00000	0.00000	0.00000	-0.00000	0.00000	0.00000	0.00028	0.00000	0.00000
64860	F	J	Chr4	16245123	-0.00000	0.00000	0.00000	-0.00000	0.00000	0.00000	-0.00000	0.00000	0.00000	0.00028	0.00000	0.00000
64885	F	J	Chr4	16281558	-0.02564	0.00000	0.00000	-0.00270	0.00000	0.00000	-0.00270	0.00000	0.00000	0.00106	0.00000	0.00000
64910	F	J	Chr4	16319354	-0.00000	0.00000	0.00000	-0.00000	0.00000	0.00000	-0.00000	0.00000	0.00000	0.00030	0.00000	0.00000
64951	F	J	Chr4	16373344	-0.00000	0.00000	0.00000	-0.00000	0.00000	0.00000	-0.00000	0.00000	0.00000	0.00030	0.00000	0.00000
64982	F	J	Chr4	16423925	-0.00000	0.00000	0.00000	-0.00000	0.00000	0.00000	-0.00000	0.00000	0.00000	0.00030	0.00000	0.00000
65022	F	J	Chr4	16461195	-0.00000	0.00000	0.00000	-0.00000	0.00000	0.00000	-0.00000	0.00000	0.00000	0.00030	0.00000	0.00000
65037	F	J	Chr4	16475702	-0.00000	0.00000	0.00000	-0.00000	0.00000	0.00000	-0.00000	0.00000	0.00000	0.00029	0.00000	0.00000
65135	F	J	Chr4	16574797	-0.00000	0.00000	0.00000	-0.00000	0.00000	0.00000	-0.00000	0.00000	0.00000	0.00030	0.00000	0.00000
65215	F	J	Chr4	16650621	0.02564	0.00000	0.00000	0.00135	0.00000	0.00000	0.00135	0.00000	0.00000	0.00057	0.00000	0.00000
65239	F	J	Chr4	16698097	-0.02564	0.00000	0.00000	-0.00132	0.00000	0.00000	-0.00132	0.00000	0.00000	0.00055	0.00000	0.00000
65258	F	J	Chr4	16725078	-0.00000	0.00000	0.00000	-0.00000	0.00000	0.00000	-0.00000	0.00000	0.00000	0.00030	0.00000	0.00000
65277	F	J	Chr4	16747034	0.02564	0.00000	0.00000	0.00135	0.00000	0.00000	0.00135	0.00000	0.00000	0.00059	0.00000	0.00000
65341	F	J	Chr4	16815682	-0.00000	0.00000	0.00000	-0.00000	0.00000	0.00000	-0.00000	0.00000	0.00000	0.00029	0.00000	0.00000
65374	F	J	Chr4	16853170	-0.00000	0.00000	0.00000	-0.00000	0.00000	0.00000	-0.00000	0.00000	0.00000	0.00031	0.00000	0.00000
65398	F	J	Chr4	16878869	-0.00000	0.00000	0.00000	-0.00000	0.00000	0.00000	-0.00000	0.00000	0.00000	0.00029	0.00000	0.00000
65591	F	J	Chr4	17088089	0.00000	0.00000	0.00000	0.00000	0.00000	0.00000	-0.00004	0.00000	0.00000	0.00084	0.00000	0.00000
65621	F	J	Chr4	17122932	-0.02564	0.00000	0.00000	-0.02632	0.00000	0.00000	-0.02632	0.00000	0.00000	0.00593	0.00000	0.00000
65783	F	J	Chr4	17293228	-0.00000	0.00000	0.00000	-0.00000	0.00000	0.00000	-0.00000	0.00000	0.00000	0.00030	0.00000	0.00000
65784	F	J	Chr4	17293231	-0.00268	0.00000	0.00000	-0.00007	0.00000	0.00000	0.00588	0.00000	0.00000	0.00152	0.00000	0.00000
65828	F	J	Chr4	17328270	-0.00000	0.00000	0.00000	-0.00000	0.00000	0.00000	-0.00000	0.00000	0.00000	0.00031	0.00000	0.00000
65848	F	J	Chr4	17343195	-0.00000	0.00000	0.00000	-0.00000	0.00000	0.00000	-0.00000	0.00000	0.00000	0.00030	0.00000	0.00000
65860	F	J	Chr4	17353723	-0.00000	0.00000	0.00000	-0.00000	0.00000	0.00000	-0.00000	0.00000	0.00000	0.00028	0.00000	0.00000
65876	F	J	Chr4	17361547	-0.00000	0.00000	0.00000	-0.00000	0.00000	0.00000	-0.00000	0.00000	0.00000	0.00028	0.00000	0.00000
65945	F	J	Chr4	17417271	-0.02491	0.00000	0.00000	-0.01431	0.00000	0.00000	-0.00561	0.00000	0.00000	0.00492	0.00000	0.00000
65948	F	J	Chr4	17417363	0.02860	0.00000	0.00000	0.00525	0.00000	0.00000	0.03210	0.00000	0.00000	0.00353	0.00000	0.00000
65965	F	J	Chr4	17424857	-0.01719	0.00000	0.00000	-0.00500	0.00000	0.00000	-0.00494	0.00000	0.00000	0.00248	0.00000	0.00000
65984	F	J	Chr4	17449713	-0.00000	0.00000	0.00000	-0.00000	0.00000	0.00000	-0.00000	0.00000	0.00000	0.00029	0.00000	0.00000
66000	F	J	Chr4	17460582	-0.00000	0.00000	0.00000	-0.00000	0.00000	0.00000	-0.00000	0.00000	0.00000	0.00028	0.00000	0.00000
66036	F	J	Chr4	17486764	-0.00000	0.00000	0.00000	-0.00000	0.00000	0.00000	-0.00000	0.00000	0.00000	0.00028	0.00000	0.00000
66059	F	J	Chr4	17515051	-0.00000	0.00000	0.00000	-0.00000	0.00000	0.00000	-0.00000	0.00000	0.00000	0.00027	0.00000	0.00000
66076	F	J	Chr4	17531089	-0.00000	0.00000	0.00000	-0.00000	0.00000	0.00000	-0.00000	0.00000	0.00000	0.00029	0.00000	0.00000
66108	F	J	Chr4	17552433	-0.00000	0.00000	0.00000	-0.00000	0.00000	0.00000	-0.00000	0.00000	0.00000	0.00028	0.00000	0.00000
66118	F	J	Chr4	17560395	-0.00000	0.00000	0.00000	-0.00000	0.00000	0.00000	-0.00000	0.00000	0.00000	0.00028	0.00000	0.00000
66133	F	J	Chr4	17576820	0.00137	0.00000	0.00000	0.00004	0.00000	0.00000	0.00276	0.00000	0.00000	0.00088	0.00000	0.00000
66153	F	J	Chr4	17595541	-0.02564	0.00000	0.00000	-0.00132	0.00000	0.00000	-0.00132	0.00000	0.00000	0.00056	0.00000	0.00000
66196	F	J	Chr4	17633682	-0.02019	0.00000	0.00000	-0.00269	0.00000	0.00000	-0.00269	0.00000	0.00000	0.00139	0.00000	0.00000
66360	F	J	Chr4	17755187	-0.00000	0.00000	0.00000	-0.00000	0.00000	0.00000	-0.00000	0.00000	0.00000	0.00028	0.00000	0.00000
66377	F	J	Chr4	17772304	-0.00000	0.00000	0.00000	-0.00000	0.00000	0.00000	-0.00000	0.00000	0.00000	0.00026	0.00000	0.00000
66388	F	J	Chr4	17778192	-0.01680	0.00000	0.00000	-0.00131	0.00000	0.00000	-0.00131	0.00000	0.00000	0.00076	0.00000	0.00000
66400	F	J	Chr4	17788163	-0.02564	0.00000	0.00000	-0.00132	0.00000	0.00000	-0.00132	0.00000	0.00000	0.00059	0.00000	0.00000
66417	F	J	Chr4	17803476	0.00171	0.00000	0.00000	0.00005	0.00000	0.00000	0.00541	0.00000	0.00000	0.00136	0.00000	0.00000
66425	F	J	Chr4	17811842	-0.00000	0.00000	0.00000	-0.00000	0.00000	0.00000	-0.00000	0.00000	0.00000	0.00029	0.00000	0.00000
66450	F	J	Chr4	17834588	-0.00000	0.00000	0.00000	-0.00000	0.00000	0.00000	-0.00000	0.00000	0.00000	0.00029	0.00000	0.00000
66459	F	J	Chr4	17843570	-0.00000	0.00000	0.00000	-0.00000	0.00000	0.00000	-0.00000	0.00000	0.00000	0.00027	0.00000	0.00000
66473	F	J	Chr4	17862311	0.00729	0.00000	0.00000	0.00482	0.00000	0.00000	0.00207	0.00000	0.00000	0.00521	0.00000	0.00000
66499	F	J	Chr4	17869854	-0.00000	0.00000	0.00000	-0.00000	0.00000	0.00000	-0.00000	0.00000	0.00000	0.00029	0.00000	0.00000
66672	F	J	Chr5	138878	-0.00000	0.00000	0.00000	-0.00000	0.00000	0.00000	-0.00000	0.00000	0.00000	0.00028	0.00000	0.00000
66697	F	J	Chr5	161382	-0.00000	0.00000	0.00000	-0.00000	0.00000	0.00000	-0.00000	0.00000	0.00000	0.00030	0.00000	0.00000
66709	F	J	Chr5	190417	-0.01858	0.00000	0.00000	-0.00149	0.00000	0.00000	-0.00131	0.00000	0.00000	0.00144	0.00000	0.00000
66761	F	J	Chr5	245202	-0.00000	0.00000	0.00000	-0.00000	0.00000	0.00000	-0.00000	0.00000	0.00000	0.00027	0.00000	0.00000
66784	F	J	Chr5	265625	-0.00000	0.00000	0.00000	-0.00000	0.00000	0.00000	-0.00000	0.00000	0.00000	0.00029	0.00000	0.00000
66879	F	J	Chr5	342047	-0.02244	0.00000	0.00000	-0.00564	0.00000	0.00000	-0.00564	0.00000	0.00000	0.00237	0.00000	0.00000
66963	F	J	Chr5	433883	-0.00000	0.00000	0.00000	-0.00000	0.00000	0.00000	-0.00000	0.00000	0.00000	0.00029	0.00000	0.00000
66976	F	J	Chr5	443172	0.02903	0.00000	0.00000	0.00157	0.00000	0.00000	0.00150	0.00000	0.00000	0.00062	0.00000	0.00000
67014	F	J	Chr5	481354	-0.00000	0.00000	0.00000	-0.00000	0.00000	0.00000	-0.00000	0.00000	0.00000	0.00030	0.00000	0.00000
67119	F	J	Chr5	565394	-0.00000	0.00000	0.00000	-0.00000	0.00000	0.00000	-0.00000	0.00000	0.00000	0.00030	0.00000	0.00000
67198	F	J	Chr5	730468	-0.02490	0.00000	0.00000	-0.00803	0.00000	0.00000	-0.00735	0.00000	0.00000	0.00332	0.00000	0.00000
67360	F	J	Chr5	1011889	-0.00000	0.00000	0.00000	-0.00000	0.00000	0.00000	-0.00000	0.00000	0.00000	0.00030	0.00000	0.00000
67389	F	J	Chr5	1062223	-0.00000	0.00000	0.00000	-0.00000	0.00000	0.00000	-0.00000	0.00000	0.00000	0.00030	0.00000	0.00000
67493	F	J	Chr5	1203634	-0.00000	0.00000	0.00000	-0.00000	0.00000	0.00000	-0.00000	0.00000	0.00000	0.00029	0.00000	0.00000
67534	F	J	Chr5	1246300	-0.02618	0.00000	0.00000	-0.00594	0.00000	0.00000	-0.00415	0.00000	0.00000	0.00270	0.00000	0.00000
67547	F	J	Chr5	1255343	-0.00000	0.00000	0.00000	-0.00000	0.00000	0.00000	-0.00000	0.00000	0.00000	0.00030	0.00000	0.00000
67553	F	J	Chr5	1269987	-0.00000	0.00000	0.00000	-0.00000	0.00000	0.00000	-0.00000	0.00000	0.00000	0.00030	0.00000	0.00000
67563	F	J	Chr5	1292838	-0.00000	0.00000	0.00000	-0.00000	0.00000	0.00000	-0.00000	0.00000	0.00000	0.00030	0.00000	0.00000
67657	F	J	Chr5	1414558	0.00391	0.00000	0.00000	0.00043	0.00000	0.00000	0.00463	0.00000	0.00000	0.00162	0.00000	0.00000
67668	F	J	Chr5	1416245	-0.02564	0.00000	0.00000	-0.02632	0.00000	0.00000	-0.02632	0.00000	0.00000	0.00566	0.00000	0.00000
67723	F	J	Chr5	1504856	-0.00000	0.00000	0.00000	-0.00000	0.00000	0.00000	-0.00000	0.00000	0.00000	0.00030	0.00000	0.00000
67781	F	J	Chr5	1576720	0.04976	0.00000	0.00000	0.04750	0.00000	0.00000	0.04162	0.00000	0.00000	0.00628	0.00000	0.00000
67904	F	J	Chr5	1698629	0.02564	0.00000	0.00000	0.00135	0.00000	0.00000	0.00135	0.00000	0.00000	0.00060	0.00000	0.00000
68003	F	J	Chr5	1799049	-0.00000	0.00000	0.00000	-0.00000	0.00000	0.00000	-0.00000	0.00000	0.00000	0.00028	0.00000	0.00000
68206	F	J	Chr5	2047041	-0.01769	0.00000	0.00000	-0.00146	0.00000	0.00000	-0.00427	0.00000	0.00000	0.00194	0.00000	0.00000
68366	F	J	Chr5	2256822	0.00410	0.00000	0.00000	0.00197	0.00000	0.00000	-0.00813	0.00000	0.00000	0.00535	0.00000	0.00000
68394	F	J	Chr5	2305683	0.31635	0.00000	0.00000	0.20965	0.00000	0.00000	0.19443	0.00000	0.00000	0.00604	0.00000	0.00000
68502	F	J	Chr5	2445664	-0.00000	0.00000	0.00000	-0.00000	0.00000	0.00000	-0.00000	0.00000	0.00000	0.00029	0.00000	0.00000
68525	F	J	Chr5	2468049	-0.02564	0.00000	0.00000	-0.02424	0.00000	0.00000	-0.02424	0.00000	0.00000	0.00531	0.00000	0.00000
68545	F	J	Chr5	2489193	-0.01858	0.00000	0.00000	-0.00149	0.00000	0.00000	-0.00131	0.00000	0.00000	0.00141	0.00000	0.00000
68581	F	J	Chr5	2526892	0.23380	0.00000	0.00000	0.16270	0.00000	0.00000	0.17059	0.00000	0.00000	0.00614	0.00000	0.00000
68642	F	J	Chr5	2636581	0.20526	0.00000	0.00000	0.14597	0.00000	0.00000	0.17427	0.00000	0.00000	0.00594	0.00000	0.00000
68700	F	J	Chr5	2749666	-0.00000	0.00000	0.00000	-0.00000	0.00000	0.00000	-0.00000	0.00000	0.00000	0.00028	0.00000	0.00000
68706	F	J	Chr5	2761419	-0.00000	0.00000	0.00000	-0.00000	0.00000	0.00000	-0.00000	0.00000	0.00000	0.00028	0.00000	0.00000
68778	F	J	Chr5	2893948	-0.00000	0.00000	0.00000	-0.00000	0.00000	0.00000	-0.00000	0.00000	0.00000	0.00029	0.00000	0.00000
68821	F	J	Chr5	2967320	-0.02491	0.00000	0.00000	-0.02555	0.00000	0.00000	-0.02348	0.00000	0.00000	0.00608	0.00000	0.00000
68899	F	J	Chr5	3093657	0.00137	0.00000	0.00000	0.00004	0.00000	0.00000	0.00276	0.00000	0.00000	0.00085	0.00000	0.00000
69040	F	J	Chr5	3307228	0.00137	0.00000	0.00000	0.00004	0.00000	0.00000	0.00276	0.00000	0.00000	0.00090	0.00000	0.00000
69051	F	J	Chr5	3318557	-0.02365	0.00000	0.00000	-0.02377	0.00000	0.00000	0.01204	0.00000	0.00000	0.00625	0.00000	0.00000
69222	F	J	Chr5	3506876	-0.00000	0.00000	0.00000	-0.00000	0.00000	0.00000	-0.00000	0.00000	0.00000	0.00030	0.00000	0.00000
69391	F	J	Chr5	3669589	-0.01458	0.00000	0.00000	-0.00332	0.00000	0.00000	-0.00415	0.00000	0.00000	0.00270	0.00000	0.00000
69398	F	J	Chr5	3676762	-0.00000	0.00000	0.00000	-0.00000	0.00000	0.00000	-0.00000	0.00000	0.00000	0.00029	0.00000	0.00000
69399	F	J	Chr5	3679213	0.27833	0.00000	0.00000	0.15780	0.00000	0.00000	0.17084	0.00000	0.00000	0.00510	0.00000	0.00000
69426	F	J	Chr5	3711190	-0.00000	0.00000	0.00000	-0.00000	0.00000	0.00000	-0.00000	0.00000	0.00000	0.00029	0.00000	0.00000
69447	F	J	Chr5	3727196	-0.00572	0.00000	0.00000	-0.00016	0.00000	0.00000	0.03810	0.00000	0.00000	0.00284	0.00000	0.00000
69459	F	J	Chr5	3735211	-0.01555	0.00000	0.00000	-0.01358	0.00000	0.00000	-0.00964	0.00000	0.00000	0.00581	0.00000	0.00000
69535	F	J	Chr5	3812443	-0.02552	0.00000	0.00000	-0.02619	0.00000	0.00000	-0.01299	0.00000	0.00000	0.00630	0.00000	0.00000
69565	F	J	Chr5	3860016	0.00137	0.00000	0.00000	0.00004	0.00000	0.00000	-0.00000	0.00000	0.00000	0.00032	0.00000	0.00000
69567	F	J	Chr5	3869325	-0.02442	0.00000	0.00000	-0.00212	0.00000	0.00000	0.03885	0.00000	0.00000	0.00311	0.00000	0.00000
69588	F	J	Chr5	3885020	-0.00000	0.00000	0.00000	-0.00000	0.00000	0.00000	-0.00000	0.00000	0.00000	0.00029	0.00000	0.00000
69701	F	J	Chr5	4041017	-0.00000	0.00000	0.00000	-0.00000	0.00000	0.00000	-0.00000	0.00000	0.00000	0.00030	0.00000	0.00000
69737	F	J	Chr5	4110163	-0.00130	0.00000	0.00000	-0.00003	0.00000	0.00000	0.00003	0.00000	0.00000	0.00090	0.00000	0.00000
69785	F	J	Chr5	4166421	-0.00000	0.00000	0.00000	-0.00000	0.00000	0.00000	-0.00000	0.00000	0.00000	0.00030	0.00000	0.00000
69878	F	J	Chr5	4339104	-0.00000	0.00000	0.00000	-0.00000	0.00000	0.00000	-0.00000	0.00000	0.00000	0.00029	0.00000	0.00000
69914	F	J	Chr5	4421284	-0.00000	0.00000	0.00000	-0.00000	0.00000	0.00000	-0.00000	0.00000	0.00000	0.00028	0.00000	0.00000
69955	F	J	Chr5	4504409	-0.00000	0.00000	0.00000	-0.00000	0.00000	0.00000	-0.00000	0.00000	0.00000	0.00029	0.00000	0.00000
69974	F	J	Chr5	4527655	-0.00268	0.00000	0.00000	-0.00007	0.00000	0.00000	0.00588	0.00000	0.00000	0.00144	0.00000	0.00000
70030	F	J	Chr5	4608004	-0.00000	0.00000	0.00000	-0.00000	0.00000	0.00000	-0.00000	0.00000	0.00000	0.00029	0.00000	0.00000
70044	F	J	Chr5	4625457	-0.02564	0.00000	0.00000	-0.00132	0.00000	0.00000	-0.00132	0.00000	0.00000	0.00053	0.00000	0.00000
70110	F	J	Chr5	4714291	0.02564	0.00000	0.00000	0.00135	0.00000	0.00000	0.00135	0.00000	0.00000	0.00055	0.00000	0.00000
70113	F	J	Chr5	4716731	-0.00000	0.00000	0.00000	-0.00000	0.00000	0.00000	-0.00000	0.00000	0.00000	0.00030	0.00000	0.00000
70123	F	J	Chr5	4737221	-0.00000	0.00000	0.00000	-0.00000	0.00000	0.00000	-0.00000	0.00000	0.00000	0.00029	0.00000	0.00000
70144	F	J	Chr5	4758875	-0.02019	0.00000	0.00000	-0.00269	0.00000	0.00000	-0.00269	0.00000	0.00000	0.00133	0.00000	0.00000
70158	F	J	Chr5	4771332	-0.00415	0.00000	0.00000	-0.00011	0.00000	0.00000	0.01834	0.00000	0.00000	0.00196	0.00000	0.00000
70170	F	J	Chr5	4792333	-0.00000	0.00000	0.00000	-0.00000	0.00000	0.00000	-0.00000	0.00000	0.00000	0.00030	0.00000	0.00000
70204	F	J	Chr5	4841629	0.01976	0.00000	0.00000	0.00112	0.00000	0.00000	0.01586	0.00000	0.00000	0.00220	0.00000	0.00000
70219	F	J	Chr5	4848934	-0.00130	0.00000	0.00000	-0.00003	0.00000	0.00000	0.00003	0.00000	0.00000	0.00085	0.00000	0.00000
70223	F	J	Chr5	4856822	-0.00765	0.00000	0.00000	-0.00132	0.00000	0.00000	-0.00425	0.00000	0.00000	0.00270	0.00000	0.00000
70257	F	J	Chr5	4902629	-0.00000	0.00000	0.00000	-0.00000	0.00000	0.00000	-0.00000	0.00000	0.00000	0.00028	0.00000	0.00000
70295	F	J	Chr5	4945156	-0.01611	0.00000	0.00000	-0.00235	0.00000	0.00000	0.02746	0.00000	0.00000	0.00316	0.00000	0.00000
70299	F	J	Chr5	4945999	-0.01719	0.00000	0.00000	-0.00500	0.00000	0.00000	-0.00568	0.00000	0.00000	0.00311	0.00000	0.00000
70307	F	J	Chr5	4949746	-0.00000	0.00000	0.00000	-0.00000	0.00000	0.00000	-0.00000	0.00000	0.00000	0.00028	0.00000	0.00000
70384	F	J	Chr5	5021380	-0.00000	0.00000	0.00000	-0.00000	0.00000	0.00000	-0.00000	0.00000	0.00000	0.00029	0.00000	0.00000
70402	F	J	Chr5	5040541	-0.00000	0.00000	0.00000	-0.00000	0.00000	0.00000	-0.00000	0.00000	0.00000	0.00029	0.00000	0.00000
70413	F	J	Chr5	5045167	-0.00000	0.00000	0.00000	-0.00000	0.00000	0.00000	-0.00000	0.00000	0.00000	0.00030	0.00000	0.00000
70421	F	J	Chr5	5057580	-0.00000	0.00000	0.00000	-0.00000	0.00000	0.00000	-0.00000	0.00000	0.00000	0.00028	0.00000	0.00000
70468	F	J	Chr5	5103144	-0.00000	0.00000	0.00000	-0.00000	0.00000	0.00000	-0.00000	0.00000	0.00000	0.00028	0.00000	0.00000
70496	F	J	Chr5	5140414	0.00000	0.00000	0.00000	0.00000	0.00000	0.00000	-0.00004	0.00000	0.00000	0.00098	0.00000	0.00000
70533	F	J	Chr5	5186369	0.02564	0.00000	0.00000	0.00135	0.00000	0.00000	0.00135	0.00000	0.00000	0.00058	0.00000	0.00000
70684	F	J	Chr5	5335369	0.02564	0.00000	0.00000	0.00135	0.00000	0.00000	0.00135	0.00000	0.00000	0.00060	0.00000	0.00000
70685	F	J	Chr5	5335677	-0.00462	0.00000	0.00000	-0.00014	0.00000	0.00000	0.03784	0.00000	0.00000	0.00253	0.00000	0.00000
70686	F	J	Chr5	5340682	-0.00000	0.00000	0.00000	-0.00000	0.00000	0.00000	-0.00000	0.00000	0.00000	0.00029	0.00000	0.00000
70758	F	J	Chr5	5435428	0.33581	0.00000	0.00000	0.21540	0.00000	0.00000	0.22816	0.00000	0.00000	0.00556	0.00000	0.00000
70807	F	J	Chr5	5728882	0.02903	0.00000	0.00000	0.00157	0.00000	0.00000	0.00567	0.00000	0.00000	0.00116	0.00000	0.00000
70848	F	J	Chr5	5791106	-0.00000	0.00000	0.00000	-0.00000	0.00000	0.00000	-0.00000	0.00000	0.00000	0.00030	0.00000	0.00000
70864	F	J	Chr5	5811678	0.05128	0.00000	0.00000	0.00414	0.00000	0.00000	0.00414	0.00000	0.00000	0.00078	0.00000	0.00000
70936	F	J	Chr5	5882100	0.19414	0.00000	0.00000	0.12326	0.00000	0.00000	0.12326	0.00000	0.00000	0.00486	0.00000	0.00000
70993	F	J	Chr5	5949914	-0.02759	0.00000	0.00000	-0.00153	0.00000	0.00000	0.02196	0.00000	0.00000	0.00216	0.00000	0.00000
71023	F	J	Chr5	5985373	-0.00000	0.00000	0.00000	-0.00000	0.00000	0.00000	-0.00000	0.00000	0.00000	0.00030	0.00000	0.00000
71053	F	J	Chr5	6006512	-0.00733	0.00000	0.00000	-0.00119	0.00000	0.00000	-0.00119	0.00000	0.00000	0.00155	0.00000	0.00000
71056	F	J	Chr5	6006781	-0.00883	0.00000	0.00000	-0.00214	0.00000	0.00000	-0.00028	0.00000	0.00000	0.00348	0.00000	0.00000
71107	F	J	Chr5	6076351	0.02564	0.00000	0.00000	0.00135	0.00000	0.00000	0.00135	0.00000	0.00000	0.00056	0.00000	0.00000
71139	F	J	Chr5	6125677	-0.00000	0.00000	0.00000	-0.00000	0.00000	0.00000	-0.00000	0.00000	0.00000	0.00030	0.00000	0.00000
71187	F	J	Chr5	6161435	-0.00000	0.00000	0.00000	-0.00000	0.00000	0.00000	-0.00000	0.00000	0.00000	0.00028	0.00000	0.00000
71202	F	J	Chr5	6184407	-0.02613	0.00000	0.00000	-0.00758	0.00000	0.00000	-0.00568	0.00000	0.00000	0.00311	0.00000	0.00000
71239	F	J	Chr5	6231085	-0.00130	0.00000	0.00000	-0.00003	0.00000	0.00000	0.00003	0.00000	0.00000	0.00085	0.00000	0.00000
71240	F	J	Chr5	6231088	-0.00000	0.00000	0.00000	-0.00000	0.00000	0.00000	-0.00000	0.00000	0.00000	0.00029	0.00000	0.00000
71254	F	J	Chr5	6243266	-0.00000	0.00000	0.00000	-0.00000	0.00000	0.00000	-0.00000	0.00000	0.00000	0.00030	0.00000	0.00000
71294	F	J	Chr5	6298102	-0.00000	0.00000	0.00000	-0.00000	0.00000	0.00000	-0.00000	0.00000	0.00000	0.00030	0.00000	0.00000
71375	F	J	Chr5	6408301	-0.00000	0.00000	0.00000	-0.00000	0.00000	0.00000	-0.00000	0.00000	0.00000	0.00028	0.00000	0.00000
71522	F	J	Chr5	6612511	-0.00000	0.00000	0.00000	-0.00000	0.00000	0.00000	-0.00000	0.00000	0.00000	0.00028	0.00000	0.00000
71537	F	J	Chr5	6640093	0.02564	0.00000	0.00000	0.00135	0.00000	0.00000	0.00135	0.00000	0.00000	0.00059	0.00000	0.00000
71544	F	J	Chr5	6641471	0.00986	0.00000	0.00000	0.00191	0.00000	0.00000	0.00191	0.00000	0.00000	0.00190	0.00000	0.00000
71554	F	J	Chr5	6651975	0.25778	0.00000	0.00000	0.13558	0.00000	0.00000	0.19105	0.00000	0.00000	0.00601	0.00000	0.00000
71577	F	J	Chr5	6659690	0.05128	0.00000	0.00000	0.00414	0.00000	0.00000	0.00414	0.00000	0.00000	0.00081	0.00000	0.00000
71638	F	J	Chr5	6709260	-0.02848	0.00000	0.00000	-0.00163	0.00000	0.00000	0.02168	0.00000	0.00000	0.00230	0.00000	0.00000
71660	F	J	Chr5	6727698	-0.00000	0.00000	0.00000	-0.00000	0.00000	0.00000	-0.00000	0.00000	0.00000	0.00028	0.00000	0.00000
71723	F	J	Chr5	6777832	0.00100	0.00000	0.00000	0.00011	0.00000	0.00000	0.00011	0.00000	0.00000	0.00113	0.00000	0.00000
71746	F	J	Chr5	6814675	-0.00000	0.00000	0.00000	-0.00000	0.00000	0.00000	-0.00000	0.00000	0.00000	0.00029	0.00000	0.00000
71807	F	J	Chr5	6905990	0.11102	0.00000	0.00000	0.11141	0.00000	0.00000	0.11115	0.00000	0.00000	0.00713	0.00000	0.00000
71812	F	J	Chr5	6916339	-0.00130	0.00000	0.00000	-0.00003	0.00000	0.00000	0.00003	0.00000	0.00000	0.00083	0.00000	0.00000
71818	F	J	Chr5	6922971	-0.02626	0.00000	0.00000	-0.00284	0.00000	0.00000	-0.00127	0.00000	0.00000	0.00165	0.00000	0.00000
71843	F	J	Chr5	6973564	-0.00000	0.00000	0.00000	-0.00000	0.00000	0.00000	-0.00000	0.00000	0.00000	0.00029	0.00000	0.00000
71865	F	J	Chr5	7014279	0.00137	0.00000	0.00000	0.00004	0.00000	0.00000	-0.00000	0.00000	0.00000	0.00031	0.00000	0.00000
71886	F	J	Chr5	7039152	0.02020	0.00000	0.00000	0.00579	0.00000	0.00000	0.00579	0.00000	0.00000	0.00272	0.00000	0.00000
71926	F	J	Chr5	7071569	0.00152	0.00000	0.00000	0.00004	0.00000	0.00000	0.01159	0.00000	0.00000	0.00152	0.00000	0.00000
71996	F	J	Chr5	7126800	-0.00000	0.00000	0.00000	-0.00000	0.00000	0.00000	-0.00000	0.00000	0.00000	0.00029	0.00000	0.00000
72004	F	J	Chr5	7132124	-0.00000	0.00000	0.00000	-0.00000	0.00000	0.00000	-0.00000	0.00000	0.00000	0.00030	0.00000	0.00000
72021	F	J	Chr5	7150382	0.05402	0.00000	0.00000	0.05425	0.00000	0.00000	0.05425	0.00000	0.00000	0.00611	0.00000	0.00000
72041	F	J	Chr5	7175173	-0.00000	0.00000	0.00000	-0.00000	0.00000	0.00000	-0.00000	0.00000	0.00000	0.00029	0.00000	0.00000
72094	F	J	Chr5	7245395	-0.00000	0.00000	0.00000	-0.00000	0.00000	0.00000	-0.00000	0.00000	0.00000	0.00028	0.00000	0.00000
72097	F	J	Chr5	7246212	0.02564	0.00000	0.00000	0.00135	0.00000	0.00000	0.00135	0.00000	0.00000	0.00057	0.00000	0.00000
72138	F	J	Chr5	7289970	0.00391	0.00000	0.00000	0.00043	0.00000	0.00000	0.00463	0.00000	0.00000	0.00168	0.00000	0.00000
72170	F	J	Chr5	7325141	0.01762	0.00000	0.00000	0.00741	0.00000	0.00000	0.00690	0.00000	0.00000	0.00509	0.00000	0.00000
72248	F	J	Chr5	7395330	-0.00130	0.00000	0.00000	-0.00003	0.00000	0.00000	0.00003	0.00000	0.00000	0.00083	0.00000	0.00000
72296	F	J	Chr5	7464121	-0.00144	0.00000	0.00000	-0.00004	0.00000	0.00000	0.00574	0.00000	0.00000	0.00150	0.00000	0.00000
72298	F	J	Chr5	7464620	0.02903	0.00000	0.00000	0.00157	0.00000	0.00000	0.00567	0.00000	0.00000	0.00113	0.00000	0.00000
72307	F	J	Chr5	7479043	-0.02776	0.00000	0.00000	-0.00154	0.00000	0.00000	0.00735	0.00000	0.00000	0.00179	0.00000	0.00000
72318	F	J	Chr5	7490867	-0.00000	0.00000	0.00000	-0.00000	0.00000	0.00000	-0.00000	0.00000	0.00000	0.00029	0.00000	0.00000
72410	F	J	Chr5	7583184	-0.00000	0.00000	0.00000	-0.00000	0.00000	0.00000	-0.00000	0.00000	0.00000	0.00029	0.00000	0.00000
72441	F	J	Chr5	7616698	-0.02564	0.00000	0.00000	-0.00132	0.00000	0.00000	-0.00132	0.00000	0.00000	0.00057	0.00000	0.00000
72451	F	J	Chr5	7627004	-0.00130	0.00000	0.00000	-0.00003	0.00000	0.00000	0.00003	0.00000	0.00000	0.00089	0.00000	0.00000
72501	F	J	Chr5	7676196	-0.00000	0.00000	0.00000	-0.00000	0.00000	0.00000	-0.00000	0.00000	0.00000	0.00028	0.00000	0.00000
72519	F	J	Chr5	7703042	-0.00000	0.00000	0.00000	-0.00000	0.00000	0.00000	-0.00000	0.00000	0.00000	0.00029	0.00000	0.00000
72523	F	J	Chr5	7710730	-0.00000	0.00000	0.00000	-0.00000	0.00000	0.00000	-0.00000	0.00000	0.00000	0.00029	0.00000	0.00000
72603	F	J	Chr5	7789224	0.02903	0.00000	0.00000	0.00157	0.00000	0.00000	0.00567	0.00000	0.00000	0.00112	0.00000	0.00000
72636	F	J	Chr5	7812720	-0.00000	0.00000	0.00000	-0.00000	0.00000	0.00000	-0.00000	0.00000	0.00000	0.00030	0.00000	0.00000
72652	F	J	Chr5	7834555	-0.00000	0.00000	0.00000	-0.00000	0.00000	0.00000	-0.00000	0.00000	0.00000	0.00029	0.00000	0.00000
72696	F	J	Chr5	7879417	-0.00000	0.00000	0.00000	-0.00000	0.00000	0.00000	-0.00000	0.00000	0.00000	0.00029	0.00000	0.00000
72752	F	J	Chr5	7920767	-0.00000	0.00000	0.00000	-0.00000	0.00000	0.00000	-0.00000	0.00000	0.00000	0.00029	0.00000	0.00000
72810	F	J	Chr5	7982069	0.36135	0.00000	0.00000	0.31449	0.00000	0.00000	0.33666	0.00000	0.00000	0.00710	0.00000	0.00000
72824	F	J	Chr5	8018363	-0.00000	0.00000	0.00000	-0.00000	0.00000	0.00000	-0.00000	0.00000	0.00000	0.00027	0.00000	0.00000
72825	F	J	Chr5	8018366	-0.00000	0.00000	0.00000	-0.00000	0.00000	0.00000	-0.00000	0.00000	0.00000	0.00029	0.00000	0.00000
72914	F	J	Chr5	8120346	-0.00130	0.00000	0.00000	-0.00003	0.00000	0.00000	0.00003	0.00000	0.00000	0.00083	0.00000	0.00000
72948	F	J	Chr5	8154843	-0.00000	0.00000	0.00000	-0.00000	0.00000	0.00000	-0.00000	0.00000	0.00000	0.00028	0.00000	0.00000
72959	F	J	Chr5	8169982	-0.02679	0.00000	0.00000	-0.00298	0.00000	0.00000	0.00660	0.00000	0.00000	0.00215	0.00000	0.00000
73003	F	J	Chr5	8219836	0.00100	0.00000	0.00000	0.00011	0.00000	0.00000	0.00011	0.00000	0.00000	0.00111	0.00000	0.00000
73004	F	J	Chr5	8219839	-0.00130	0.00000	0.00000	-0.00003	0.00000	0.00000	0.00003	0.00000	0.00000	0.00089	0.00000	0.00000
73016	F	J	Chr5	8231793	0.02703	0.00000	0.00000	0.00150	0.00000	0.00000	0.00008	0.00000	0.00000	0.00120	0.00000	0.00000
73076	F	J	Chr5	8271878	0.02703	0.00000	0.00000	0.00150	0.00000	0.00000	-0.00127	0.00000	0.00000	0.00167	0.00000	0.00000
73160	F	J	Chr5	8367743	-0.02564	0.00000	0.00000	-0.00132	0.00000	0.00000	-0.00132	0.00000	0.00000	0.00057	0.00000	0.00000
73162	F	J	Chr5	8370649	0.24982	0.00000	0.00000	0.13211	0.00000	0.00000	0.14506	0.00000	0.00000	0.00452	0.00000	0.00000
73201	F	J	Chr5	8409972	-0.00000	0.00000	0.00000	-0.00000	0.00000	0.00000	-0.00000	0.00000	0.00000	0.00030	0.00000	0.00000
73202	F	J	Chr5	8409975	-0.00000	0.00000	0.00000	-0.00000	0.00000	0.00000	-0.00000	0.00000	0.00000	0.00030	0.00000	0.00000
73223	F	J	Chr5	8428660	-0.00000	0.00000	0.00000	-0.00000	0.00000	0.00000	-0.00000	0.00000	0.00000	0.00030	0.00000	0.00000
73230	F	J	Chr5	8435159	-0.00000	0.00000	0.00000	-0.00000	0.00000	0.00000	-0.00000	0.00000	0.00000	0.00029	0.00000	0.00000
73234	F	J	Chr5	8436914	0.00000	0.00000	0.00000	0.00000	0.00000	0.00000	-0.00004	0.00000	0.00000	0.00088	0.00000	0.00000
73239	F	J	Chr5	8441992	0.00297	0.00000	0.00000	0.00008	0.00000	0.00000	0.01159	0.00000	0.00000	0.00142	0.00000	0.00000
73276	F	J	Chr5	8476950	-0.00161	0.00000	0.00000	-0.00005	0.00000	0.00000	0.01159	0.00000	0.00000	0.00145	0.00000	0.00000
73335	F	J	Chr5	8561969	0.02376	0.00000	0.00000	0.00128	0.00000	0.00000	0.00007	0.00000	0.00000	0.00114	0.00000	0.00000
73336	F	J	Chr5	8561972	-0.00000	0.00000	0.00000	-0.00000	0.00000	0.00000	-0.00000	0.00000	0.00000	0.00030	0.00000	0.00000
